ID     dec  year mo dy hr name       allLat     allLon     midLat     midLon     firstLat   firstLon   lastLat    lastLon
185104 1850 1851  8 23  0 NOT NAMED   28.375143 -86.451232  28.375143 -86.451232  28.375143 -86.451232  28.375143 -86.451232
185201 1850 1852  8 24  0 NOT NAMED   28.572578 -87.671740  28.572578 -87.671740  27.451125 -86.797170  29.625103 -88.449368
185403 1850 1854  9  7  0 NOT NAMED   29.146478 -79.387206  29.146478 -79.387206  27.604478 -78.090874  30.675357 -80.722644
185505 1850 1855  9 15 18 NOT NAMED   29.175011 -89.449991  29.175011 -89.449991  29.175011 -89.449991  29.175011 -89.449991
185601 1850 1856  8  9 18 NOT NAMED   28.422598 -89.972614  28.422598 -89.972614  27.903600 -89.294259  28.951674 -90.746384
185605 1850 1856  8 30  0 NOT NAMED   26.125020 -87.274592  26.125020 -87.274592  26.125020 -87.274592  26.125020 -87.274592
186001 1860 1860  8 11  0 NOT NAMED   28.850732 -89.853388  28.850732 -89.853388  28.225070 -90.099628  29.401062 -89.778983
186906 1860 1869  9  8  0 NOT NAMED   34.400427 -73.392712  34.400427 -73.392712  34.400427 -73.392712  34.400427 -73.392712
187103 1870 1871  8 15 12 NOT NAMED   26.847365 -78.771008  26.847365 -78.771008  26.802845 -78.000010  26.875482 -79.624752
187104 1870 1871  8 21  0 NOT NAMED   17.978894 -63.370494  17.978894 -63.370494  17.355539 -62.119579  18.579825 -64.669565
187305 1870 1873  9 28 12 NOT NAMED   23.228809 -81.189469  23.228809 -81.189469  23.228809 -81.189469  23.228809 -81.189469
187503 1870 1875  9 16 12 NOT NAMED   27.250568 -96.499461  27.250568 -96.499461  27.250568 -96.499461  27.250568 -96.499461
187602 1870 1876  9 13  0 NOT NAMED   18.000923 -64.000000  18.000923 -64.000000  18.000923 -64.000000  18.000923 -64.000000
187605 1870 1876 10 19  0 NOT NAMED   22.233423 -82.132843  22.233423 -82.132843  22.233423 -82.132843  22.233423 -82.132843
187704 1870 1877 10  3  0 NOT NAMED   29.500000 -85.900000  29.500000 -85.900000  29.500000 -85.900000  29.500000 -85.900000
187902 1870 1879  8 18  0 NOT NAMED   32.835096 -77.709989  32.835096 -77.709989  32.835096 -77.709989  32.835096 -77.709989
187904 1870 1879  8 31 12 NOT NAMED   27.800020 -91.580005  27.800020 -91.580005  27.550018 -91.599774  28.050018 -91.600234
188002 1880 1880  8 12  6 NOT NAMED   25.204658 -95.973706  25.204658 -95.973706  24.978043 -95.570907  25.428224 -96.370756
188202 1880 1882  9  9 18 NOT NAMED   29.400756 -87.552655  29.400756 -87.552655  29.400756 -87.552655  29.400756 -87.552655
188206 1880 1882 10  8 12 NOT NAMED   20.775136 -83.598490  20.775136 -83.598490  20.775136 -83.598490  20.775136 -83.598490
188303 1880 1883  9  4  0 NOT NAMED   15.802756 -63.606189  15.802756 -63.606189  14.528756 -59.722785  17.081628 -67.618943
188605 1880 1886  8 19 12 NOT NAMED   27.009698 -94.371186  27.009698 -94.371186  26.756649 -93.820199  27.180368 -94.993748
188610 1880 1886 10 11 18 NOT NAMED   28.309008 -91.392176  28.309008 -91.392176  28.082111 -90.920237  28.479719 -91.995080
188803 1880 1888  8 16  6 NOT NAMED   25.368295 -79.031914  25.368295 -79.031914  25.368295 -79.031914  25.368295 -79.031914
189103 1890 1891  8 18 18 NOT NAMED   15.288899 -62.391325  15.288899 -62.391325  14.981306 -61.743896  15.629967 -63.145098
189304 1890 1893  8 22 18 NOT NAMED   30.678362 -71.982959  30.678362 -71.982959  30.678362 -71.982959  30.678362 -71.982959
189306 1890 1893  8 23  0 NOT NAMED   25.063981 -71.450345  22.529381 -62.577923  22.456516 -61.998841  29.325461 -80.346865
189309 1890 1893 10  2  6 NOT NAMED   22.605109 -63.633481  14.402722 -50.737156  14.201976 -50.373089  30.225910 -80.200673
189310 1890 1893 10  1 18 NOT NAMED   28.367162 -90.468782  28.367162 -90.468782  28.367162 -90.468782  28.367162 -90.468782
189404 1890 1894  9 20 18 NOT NAMED   15.979022 -64.675112  15.768982 -64.034129  15.556103 -63.371098  16.404473 -66.071847
189405 1890 1894 10  6  0 NOT NAMED   25.771337 -87.595886  23.901447 -87.161833  23.375777 -86.797448  28.302530 -87.682504
189602 1890 1896  9  5  6 NOT NAMED   29.933772 -73.553120  29.933772 -73.553120  25.525127 -77.076183  34.950511 -69.453978
189604 1890 1896  9 27 12 NOT NAMED   23.312113 -84.575815  21.317853 -84.811675  20.451086 -84.522512  26.427925 -84.392729
189807 1890 1898 10  1  6 NOT NAMED   29.490149 -78.459116  29.490149 -78.459116  29.152274 -77.647445  29.803578 -79.221036
189903 1890 1899  8  7  0 NOT NAMED   25.428623 -73.164699  16.677604 -61.888497  16.081797 -59.722412  34.626080 -74.897855
190001 1900 1900  9  7  6 NOT NAMED   27.631386 -91.049372  27.310020 -90.044893  27.105009 -89.097651  28.130202 -93.019515
190606 1900 1906  9 25 18 NOT NAMED   26.034244 -86.993267  25.560454 -86.816407  25.125222 -86.673195  26.875610 -87.270961
190608 1900 1906 10 10  0 NOT NAMED   20.923842 -82.775143  20.923842 -82.775143  18.655351 -83.720237  23.326681 -81.782848
190904 1900 1909  7 21 12 NOT NAMED   28.600000 -94.500000  28.600000 -94.500000  28.600000 -94.500000  28.600000 -94.500000
190906 1900 1909  8 25  6 NOT NAMED   22.579375 -92.043233  22.390682 -91.299051  21.637673 -88.258553  23.430074 -95.871661
190909 1900 1909  9 19  6 NOT NAMED   26.080264 -89.293611  26.080264 -89.293611  24.601160 -88.222361  27.551555 -90.392434
190911 1900 1909 10  9 18 NOT NAMED   21.480949 -83.641835  20.100632 -84.018242  19.850585 -83.898774  23.205792 -83.160930
191005 1910 1910 10 14  0 NOT NAMED   23.049534 -84.176850  22.776874 -84.737283  22.578408 -84.319173  23.951984 -83.206764
191502 1910 1915  8 13 12 NOT NAMED   23.422457 -86.565563  20.722361 -82.412928  19.554954 -79.995351  27.557560 -93.036681
191506 1910 1915  9 24 18 NOT NAMED   20.304317 -82.712276  15.354495 -76.494040  14.928468 -74.773478  27.351613 -89.442563
191602 1910 1916  7  5 12 NOT NAMED   29.350084 -87.849190  29.350084 -87.849190  29.350084 -87.849190  29.350084 -87.849190
191604 1910 1916  7 13 18 NOT NAMED   31.650088 -79.049435  31.650088 -79.049435  31.650088 -79.049435  31.650088 -79.049435
191606 1910 1916  8 17 12 NOT NAMED   24.195761 -91.998003  24.195761 -91.998003  23.287827 -90.285287  25.062107 -93.784423
191704 1910 1917  9 24  6 NOT NAMED   24.364784 -85.158878  21.668672 -82.289701  20.326158 -80.472834  29.127909 -88.206902
191801 1910 1918  8  6  6 NOT NAMED   28.468644 -92.292338  28.468644 -92.292338  28.468644 -92.292338  28.468644 -92.292338
191902 1910 1919  9  8 12 NOT NAMED   25.503259 -86.355652  24.334370 -81.582848  23.852582 -78.499228  26.928828 -95.123221
192106 1920 1921 10 23  6 NOT NAMED   23.638218 -84.884995  21.400083 -85.365005  20.450100 -85.298835  26.726410 -84.054481
192410 1920 1924 10 18 12 NOT NAMED   21.613386 -84.602925  21.164006 -84.797437  19.450249 -85.426260  23.850900 -83.729251
192601 1920 1926  7 25 12 NOT NAMED   24.179518 -76.001494  23.939945 -75.656327  23.403221 -74.844901  24.976678 -77.222240
192603 1920 1926  8 25  0 NOT NAMED   27.549995 -90.800000  27.549995 -90.800000  27.549995 -90.800000  27.549995 -90.800000
192607 1920 1926  9 15  6 NOT NAMED   24.666429 -75.856466  21.365439 -69.148176  20.277298 -64.698008  29.751706 -86.446670
192804 1920 1928  9 12  6 NOT NAMED   20.807421 -69.801166  17.328113 -64.186465  16.154652 -60.798454  26.305940 -79.366930
192902 1920 1929  9 25  0 NOT NAMED   24.974234 -78.007778  25.601881 -76.604370  26.125698 -76.051598  24.600452 -79.874340
193002 1930 1930  9  2 12 NOT NAMED   17.739993 -67.728938  17.884423 -68.217075  17.453121 -66.797942  18.027607 -68.698276
193202 1930 1932  8 13 18 NOT NAMED   28.500448 -94.348673  28.500448 -94.348673  28.500448 -94.348673  28.500448 -94.348673
193308 1930 1933  8 22  6 NOT NAMED   33.237869 -71.228254  33.237869 -71.228254  33.237869 -71.228254  33.237869 -71.228254
193311 1930 1933  9  2 12 NOT NAMED   25.332604 -89.995772  25.225253 -89.387358  24.705019 -86.997783  25.906596 -93.047905
193312 1930 1933  9  1 12 NOT NAMED   23.835602 -73.134254  23.330478 -71.954500  21.284149 -67.887580  26.105321 -78.543657
193313 1930 1933  9 14 12 NOT NAMED   31.348984 -74.309778  31.348984 -74.309778  30.303139 -73.442004  32.401229 -75.245149
193502 1930 1935  9  2  6 NOT NAMED   24.746772 -80.351226  24.746772 -80.351226  24.250562 -79.524420  25.177147 -81.121133
193613 1930 1936  9 15  0 NOT NAMED   28.069861 -66.911650  26.863276 -65.627409  25.852097 -64.644820  30.307342 -69.383860
193804 1930 1938  9 17  6 NOT NAMED   24.438554 -67.093050  23.817926 -69.850882  20.079264 -57.997986  31.301685 -74.319402
194105 1940 1941 10  6  6 NOT NAMED   25.352440 -79.948243  25.352440 -79.948243  25.352440 -79.948243  25.352440 -79.948243
194202 1940 1942  8 29  6 NOT NAMED   25.502495 -92.760842  25.502495 -92.760842  25.502495 -92.760842  25.502495 -92.760842
194407 1940 1944  9 12  0 NOT NAMED   27.383242 -73.006205  26.497369 -72.251444  25.503204 -70.845719  29.301699 -75.116493
194411 1940 1944 10 17 18 NOT NAMED   22.999975 -82.883911  22.539999 -82.919921  22.175007 -82.924834  23.725015 -82.875737
194501 1940 1945  6 23 18 NOT NAMED   27.600000 -85.600000  27.600000 -85.600000  27.600000 -85.600000  27.600000 -85.600000
194505 1940 1945  8 26 12 NOT NAMED   27.800386 -96.459567  28.000372 -96.402103  27.175059 -96.725422  28.425127 -96.200802
194509 1940 1945  9 13 18 NOT NAMED   23.246503 -75.494782  24.388904 -78.245904  21.135364 -70.792416  25.403985 -80.016415
194605 1940 1946 10  7  6 NOT NAMED   23.800425 -83.636903  23.800425 -83.636903  23.800425 -83.636903  23.800425 -83.636903
194704 1940 1947  9 12  0 NOT NAMED   23.534567 -69.670434  26.259777 -75.043170  17.610049 -57.488466  26.378526 -79.901650
194807 1940 1948  9 21  0 NOT NAMED   24.240273 -81.662223  24.240273 -81.662223  23.900119 -81.776220  24.600224 -81.576598
194808 1940 1948 10  5  6 NOT NAMED   23.301922 -82.405248  23.301922 -82.405248  23.301922 -82.405248  23.301922 -82.405248
194902 1940 1949  8 26  6 NOT NAMED   26.069784 -78.884613  26.069784 -78.884613  25.681465 -78.315361  26.430558 -79.515326
194910 1940 1949 10  3 18 NOT NAMED   27.566694 -95.500468  27.566694 -95.500468  27.566694 -95.500468  27.566694 -95.500468
195002 1950 1950  8 21 12 BAKER       16.650293 -60.350091  16.650293 -60.350091  16.650293 -60.350091  16.650293 -60.350091
195005 1950 1950  9  4  6 EASY        28.028992 -83.115195  27.700327 -83.240039  27.550276 -83.324463  28.475128 -82.900305
195011 1950 1950 10 17  0 KING        22.400322 -78.847532  22.400322 -78.847532  22.400322 -78.847532  22.400322 -78.847532
195304 1950 1953  9  3  0 CAROL       23.324207 -62.387748  19.595791 -59.360716  18.554972 -58.117220  28.303412 -66.462642
195308 1950 1953  9 25  6 FLORENCE    25.300077 -87.298143  25.300077 -87.298143  25.300077 -87.298143  25.300077 -87.298143
195405 1950 1954  9  8 12 EDNA        30.116927 -75.741070  27.300420 -75.777114  26.950406 -75.697675  33.801645 -75.411928
195409 1950 1954 10  7  6 HAZEL       17.666416 -73.786613  28.026708 -76.203811  13.326987 -68.599872  29.654545 -77.226406
195502 1950 1955  8  5 12 CONNIE      25.363318 -68.959623  19.494123 -61.333571  18.829991 -58.346995  31.076630 -76.248439
195503 1950 1955  8 12 12 DIANE       27.005788 -63.050433  27.005788 -63.050433  26.125059 -60.625624  27.581915 -66.146654
195509 1950 1955  9 17 12 IONE        29.233786 -74.547838  29.233786 -74.547838  27.702017 -73.668856  30.676162 -75.491593
195702 1950 1957  6 27  6 AUDREY      28.600000 -93.800000  28.600000 -93.800000  28.600000 -93.800000  28.600000 -93.800000
195805 1950 1958  9  2  0 ELLA        20.000000 -76.300000  20.000000 -76.300000  20.000000 -76.300000  20.000000 -76.300000
195908 1950 1959  9 28 18 GRACIE      30.705247 -78.727195  30.705247 -78.727195  30.278267 -78.318303  31.028384 -79.140827
196005 1960 1960  9  2  6 DONNA       20.661221 -67.049757  16.230247 -56.895504  13.782391 -46.771936  26.825155 -81.648467
196006 1960 1960  9 15  0 ETHEL       27.550036 -89.000501  27.550036 -89.000501  27.550036 -89.000501  27.550036 -89.000501
196103 1960 1961  9  8  0 CARLA       25.438380 -92.292561  27.192405 -95.216881  22.901541 -88.147968  27.850564 -96.273143
196105 1960 1961  9 13 12 ESTHER      27.292817 -62.563349  26.849621 -68.118914  20.028510 -47.898967  39.577067 -71.536766
196405 1960 1964  8 22  6 CLEO        17.074315 -68.125158  16.575736 -67.094409  15.810377 -60.696515  18.629420 -74.970533
196406 1960 1964  9  5 12 DORA        27.794214 -71.290090  25.951931 -64.455827  25.102426 -63.244571  29.477901 -79.597353
196410 1960 1964 10  1  6 HILDA       26.291715 -91.277944  25.117813 -91.096855  24.675811 -90.798558  27.925028 -91.449686
196411 1960 1964 10 14  6 ISBELL      25.309074 -81.642695  25.309074 -81.642695  24.679125 -82.285890  25.832410 -81.142809
196503 1960 1965  9  2 12 BETSY       26.403944 -77.437997  26.693834 -86.603158  23.751517 -71.121262  26.982387 -87.363549
196601 1960 1966  6  8 18 ALMA        24.950033 -82.499391  24.950033 -82.499391  24.950033 -82.499391  24.950033 -82.499391
196609 1960 1966  9 27 12 INEZ        20.720951 -82.143872  16.860076 -66.355463  16.279960 -62.348922  22.951479 -96.825356
196702 1960 1967  9  9 12 BEULAH      20.266209 -82.608779  23.974518 -95.834387  16.551971 -66.372378  24.775747 -96.546976
196903 1960 1969  8 15 18 CAMILLE     25.889689 -87.180202  27.260675 -88.123346  23.052573 -85.417724  28.850977 -88.893245
196907 1960 1969  9  9 12 GERDA       38.955641 -71.068663  38.955641 -71.068663  38.955641 -71.068663  38.955641 -71.068663
197003 1970 1970  8  2  0 CELIA       25.971119 -91.688157  25.971119 -91.688157  25.971119 -91.688157  25.971119 -91.688157
197106 1970 1971  9  9  6 EDITH       14.653944 -82.422701  14.653944 -82.422701  14.653944 -82.422701  14.653944 -82.422701
197406 1970 1974  9  1 12 CARMEN      23.068156 -88.270709  20.130068 -86.966606  17.979668 -85.148138  28.175570 -90.696604
197505 1970 1975  9 23  6 ELOISE      29.300931 -86.804408  29.300931 -86.804408  29.300931 -86.804408  29.300931 -86.804408
197603 1970 1976  8  8 18 BELLE       30.966668 -75.267206  30.966668 -75.267206  30.966668 -75.267206  30.966668 -75.267206
197904 1970 1979  8 28  0 DAVID       15.641677 -62.955232  16.364385 -65.579687  12.679142 -54.972871  18.303056 -70.295179
197906 1970 1979  9 12  0 FREDERIC    27.542319 -86.969800  27.542319 -86.969800  27.001746 -86.718672  28.001384 -87.268317
198001 1980 1980  8  4  0 ALLEN       20.441282 -80.582370  21.496470 -85.522767  13.834530 -61.996139  25.626606 -96.373031
198301 1980 1983  8 18  6 ALICIA      28.900000 -95.000000  28.900000 -95.000000  28.900000 -95.000000  28.900000 -95.000000
198405 1980 1984  9 11 12 DIANA       33.300332 -78.035088  33.300332 -78.035088  33.300332 -78.035088  33.300332 -78.035088
198505 1980 1985  9  1  6 ELENA       29.244721 -85.806437  29.244721 -85.806437  28.877153 -84.697595  29.558439 -86.693018
198507 1980 1985  9 24  6 GLORIA      23.843258 -69.413616  23.843258 -69.413616  22.954476 -68.417488  24.654057 -70.465470
198511 1980 1985 11 20 12 KATE        26.375926 -86.096320  26.375926 -86.096320  26.375926 -86.096320  26.375926 -86.096320
198908 1980 1989  9 15  0 HUGO        19.334903 -63.215090  14.572247 -54.579240  14.154855 -52.573049  29.733026 -76.804823
199102 1990 1991  8 19  6 BOB         36.500000 -74.500000  36.500000 -74.500000  36.500000 -74.500000  36.500000 -74.500000
199202 1990 1992  8 23  0 ANDREW      26.554696 -81.796829  25.510016 -75.942970  25.485591 -73.401126  28.179817 -89.892083
199515 1990 1995 10  4  0 OPAL        26.677847 -88.938277  26.677847 -88.938277  26.677847 -88.938277  26.677847 -88.938277
199602 1990 1996  7  9  6 BERTHA      20.852097 -68.546892  20.852097 -68.546892  20.852097 -68.546892  20.852097 -68.546892
199606 1990 1996  9  4  6 FRAN        29.569323 -76.205326  27.903525 -75.369213  27.427447 -75.043916  31.701011 -77.417170
199802 1990 1998  8 23 12 BONNIE      28.025119 -74.140493  28.025119 -74.140493  24.625154 -71.774294  32.151299 -77.319237
199807 1990 1998  9 19 12 GEORGES     16.341813 -58.284436  15.918794 -56.306295  15.505750 -54.171894  17.130961 -62.584808
199813 1990 1998 10 25  0 MITCH       16.554966 -82.736351  16.793233 -82.747361  16.026194 -79.298860  16.525017 -85.550098
199902 1990 1999  8 22  0 BRET        25.982424 -96.174575  25.982424 -96.174575  25.751412 -95.871225  26.301781 -96.446839
199906 1990 1999  9 12 12 FLOYD       25.188760 -73.348730  23.693989 -70.075819  23.306395 -68.072607  27.676925 -78.017065
200209 2000 2002  9 21 12 ISIDORE     21.790843 -87.473913  21.982363 -86.800125  22.001099 -86.449923  21.626697 -88.476844
200212 2000 2002 10  2  6 LILI        25.647325 -89.320308  25.647325 -89.320308  25.029619 -88.814048  26.154400 -89.861589
200309 2000 2003  9  8 12 ISABEL      22.092348 -57.035689  21.436392 -54.422441  17.953591 -43.595495  25.525582 -69.973120
200403 2000 2004  8 13  6 CHARLEY     24.550033 -82.501236  24.550033 -82.501236  24.550033 -82.501236  24.550033 -82.501236
200406 2000 2004  8 27 18 FRANCES     20.152635 -61.622338  20.292389 -64.236449  16.276789 -50.446958  23.977163 -74.621528
200409 2000 2004  9  5 18 IVAN        18.248494 -74.630959  17.832774 -78.556619  10.657243 -49.572943  28.375087 -88.049993
200410 2000 2004  9 25 12 JEANNE      26.870334 -78.164823  26.870334 -78.164823  26.870334 -78.164823  26.870334 -78.164823
200504 2000 2005  7  7 18 DENNIS      23.595341 -81.617684  21.436377 -79.710831  19.779612 -77.767705  27.926734 -85.990929
200511 2000 2005  8 27 12 KATRINA     26.210901 -87.454055  26.433636 -87.804288  24.726813 -85.648174  27.800588 -89.246015
200517 2000 2005  9 21  6 RITA        26.044796 -89.059255  24.861458 -87.140991  24.303901 -85.574110  28.227235 -92.593703
200522 2000 2005 10 19  0 WILMA       21.034840 -83.558086  17.385836 -83.147254  17.075901 -82.549042  29.160692 -77.594073
200807 2000 2008  8 30 12 GUSTAV      22.685831 -83.485497  22.685831 -83.485497  22.153367 -82.991810  23.178867 -83.965255
200809 2000 2008  9  4  0 IKE         22.379769 -65.209688  22.851751 -56.310751  22.657614 -55.643126  21.055535 -74.624583