ID     dec  year mo dy hr name       allLat     allLon     midLat     midLon     firstLat   firstLon   lastLat    lastLon
185101 1850 1851  6 25  6 NOT NAMED   28.976692 -98.252924  28.976692 -98.252924  28.076275 -96.224576  30.250083 -100.024174
185104 1850 1851  8 16  0 NOT NAMED   26.829959 -72.331337  27.138592 -86.057313  13.881434 -50.322127  45.599889 -58.853256
185106 1850 1851 10 16  0 NOT NAMED   33.509780 -75.022302  30.365258 -76.847310  29.350426 -77.601722  39.425580 -72.034785
185201 1850 1852  8 19  0 NOT NAMED   28.163609 -79.666525  26.457488 -85.498040  20.802497 -68.373627  38.758533 -70.083936
185203 1850 1852  9  9  0 NOT NAMED   28.259225 -83.526512  28.259225 -83.526512  26.527588 -89.225591  31.430344 -75.554420
185205 1850 1852 10  6  0 NOT NAMED   25.871634 -80.753677  25.871634 -80.753677  17.130446 -75.724365  37.321818 -71.856550
185401 1850 1854  6 25  0 NOT NAMED   26.486666 -96.653463  26.020576 -93.899720  26.001075 -93.250000  27.159962 -100.740924
185403 1850 1854  9  7  0 NOT NAMED   35.005126 -72.873018  35.005126 -72.873018  27.604478 -78.090874  40.062346 -53.357917
185404 1850 1854  9 18  0 NOT NAMED   29.163782 -95.454490  29.163782 -95.454490  28.501144 -94.348815  29.850195 -96.375641
185505 1850 1855  9 15  0 NOT NAMED   29.400313 -89.154477  28.625063 -89.299380  27.350058 -89.224423  31.550634 -88.904568
185601 1850 1856  8  9  0 NOT NAMED   28.639382 -89.492001  28.361388 -89.755297  26.007381 -85.815797  30.775466 -91.576285
185603 1850 1856  8 19  0 NOT NAMED   37.610337 -73.809590  37.610337 -73.809590  34.325597 -76.069822  40.521824 -70.264673
185605 1850 1856  8 25  0 NOT NAMED   28.281223 -77.550492  25.277148 -86.619187  21.078739 -71.324410  38.926794 -57.197801
185702 1850 1857  9  6 18 NOT NAMED   35.427619 -69.957406  31.114972 -77.132538  26.825175 -72.700508  48.586607 -36.098782
185704 1850 1857  9 24  0 NOT NAMED   19.589179 -77.219611  18.706261 -81.733939  16.006505 -56.950000  25.661868 -96.609953
185803 1850 1858  9 14  0 NOT NAMED   33.938015 -77.794905  32.393420 -77.845343  26.503246 -83.408500  43.872911 -70.749359
185905 1850 1859  9 15  0 NOT NAMED   34.978404 -80.097734  34.978404 -80.097734  28.775097 -88.875849  41.580849 -63.461102
185907 1850 1859 10 16  0 NOT NAMED   25.968617 -78.226375  25.968617 -78.226375  25.251060 -75.799359  26.677651 -80.772254
185908 1850 1859 10 24  0 NOT NAMED   24.054161 -88.318614  21.988746 -92.327648  20.375005 -93.275037  31.108575 -72.034306
186001 1860 1860  8  8  0 NOT NAMED   29.999206 -84.234776  28.513325 -89.701089  27.800691 -84.675275  32.882104 -73.929594
186004 1860 1860  9 11  0 NOT NAMED   27.264004 -87.467890  27.264004 -87.467890  25.175487 -84.299898  31.426073 -88.781209
186006 1860 1860  9 30  0 NOT NAMED   27.181818 -91.264220  27.412847 -91.731790  22.850114 -91.224456  32.926785 -90.134823
186105 1860 1861  9 27  6 NOT NAMED   36.953888 -74.888719  36.953888 -74.888719  33.604416 -76.968579  40.354743 -73.262846
186107 1860 1861 10  7 12 NOT NAMED   35.300000 -75.300000  35.300000 -75.300000  35.300000 -75.300000  35.300000 -75.300000
186108 1860 1861 11  1  6 NOT NAMED   34.923512 -76.508352  31.236626 -78.742324  28.281019 -80.501003  41.258684 -72.068129
186306 1860 1863  9 16  0 NOT NAMED   30.778432 -78.345854  26.950311 -79.492940  25.475050 -79.800564  37.707850 -75.781015
186309 1860 1863  9 29  0 NOT NAMED   29.864944 -92.753514  29.864944 -92.753514  29.076027 -95.027105  30.451716 -90.400770
186502 1860 1865  6 30 12 NOT NAMED   26.000000 -97.500000  26.000000 -97.500000  26.000000 -97.500000  26.000000 -97.500000
186504 1860 1865  9  6  0 NOT NAMED   21.950197 -78.335696  21.950197 -78.335696  16.004664 -57.374994  32.200163 -93.327820
186505 1860 1865  9  7  0 NOT NAMED   29.700000 -92.000000  29.700000 -92.000000  29.700000 -92.000000  29.700000 -92.000000
186507 1860 1865 10 18  0 NOT NAMED   19.898777 -79.398808  19.650100 -82.676332   9.850010 -80.474935  35.403660 -67.146545
186601 1860 1866  7 11 12 NOT NAMED   28.269080 -92.346782  28.269080 -92.346782  28.001130 -88.050000  28.551649 -96.799715
186701 1860 1867  6 21 12 NOT NAMED   32.730813 -79.589007  31.757362 -79.831929  30.675021 -80.000393  34.725205 -79.101602
186707 1860 1867 10  2  0 NOT NAMED   29.913021 -86.418186  29.913021 -86.418186  24.650169 -96.848421  34.326281 -73.802023
186802 1860 1868 10  1  0 NOT NAMED   32.817395 -82.745563  42.480097 -61.501770  25.850316 -94.226130  43.554007 -58.834921
186902 1860 1869  8 16  0 NOT NAMED   27.744527 -95.115447  27.744527 -95.115447  27.329448 -93.097405  28.130107 -97.148394
186905 1860 1869  9  4  0 NOT NAMED   28.224140 -89.424612  28.224140 -89.424612  26.975235 -88.723637  29.450512 -90.122969
186906 1860 1869  9  7  0 NOT NAMED   34.150037 -73.244623  31.462118 -73.900379  28.525094 -74.376620  40.911133 -71.610689
186910 1860 1869 10  4  0 NOT NAMED   40.453385 -70.897846  40.453385 -70.897846  36.114476 -72.728704  44.817071 -68.734404
187001 1870 1870  7 30 18 NOT NAMED   30.500000 -88.000000  30.500000 -88.000000  30.500000 -88.000000  30.500000 -88.000000
187009 1870 1870 10 19  0 NOT NAMED   26.421378 -80.016717  26.421378 -80.016717  20.225011 -84.000258  32.985190 -73.295848
187101 1870 1871  6  1  0 NOT NAMED   27.987591 -90.326381  25.106726 -84.820680  24.281216 -82.822747  32.825735 -95.757142
187102 1870 1871  6  8  0 NOT NAMED   28.151326 -93.540216  26.283409 -92.824578  24.627200 -91.468925  31.875005 -95.050584
187103 1870 1871  8 14  0 NOT NAMED   29.644883 -78.816916  26.787298 -76.336960  26.626737 -73.324523  31.330243 -82.949031
187104 1870 1871  8 17  0 NOT NAMED   24.739239 -66.028446  16.410795 -58.704614  11.705618 -33.072360  38.594605 -71.498242
187106 1870 1871  9  5  0 NOT NAMED   29.786200 -82.362282  29.786200 -82.362282  26.757906 -88.207400  32.306004 -76.553925
187107 1870 1871  9 30  0 NOT NAMED   28.145430 -88.518375  25.400743 -94.863346  21.551175 -92.898129  33.805374 -75.968135
187201 1870 1872  7  9  0 NOT NAMED   29.059376 -89.883546  25.502245 -90.934249  24.325287 -91.651353  33.300616 -89.102790
187205 1870 1872 10 22  0 NOT NAMED   34.468700 -77.931369  31.782704 -78.893896  24.454350 -87.782819  43.377075 -66.007522
187301 1870 1873  6  1  6 NOT NAMED   28.313135 -79.961541  28.313135 -79.961541  26.325016 -78.626019  30.364727 -81.002576
187303 1870 1873  9 18  0 NOT NAMED   28.942671 -83.945638  28.942671 -83.945638  24.100524 -89.578397  33.734457 -75.833161
187304 1870 1873  9 22  0 NOT NAMED   28.469935 -81.340493  25.633705 -84.280765  23.650622 -85.653392  33.946374 -74.934017
187305 1870 1873  9 26  0 NOT NAMED   23.375518 -76.931884  18.011238 -72.408878  14.952363 -63.623886  40.262104 -62.263855
187401 1870 1874  7  2  0 NOT NAMED   27.695460 -91.067445  27.089050 -87.962617  26.452514 -86.246375  28.629313 -96.319537
187404 1870 1874  9  2  0 NOT NAMED   25.950937 -97.294870  23.688797 -96.906872  20.950399 -95.123957  31.375017 -98.400586
187406 1870 1874  9 25  0 NOT NAMED   30.763669 -81.595015  31.902032 -80.841516  18.275891 -87.248155  47.104905 -66.730852
187503 1870 1875  9  8  0 NOT NAMED   21.838425 -77.636733  27.370892 -94.788752  13.953261 -56.974751  30.863407 -92.583790
187504 1870 1875  9 24  0 NOT NAMED   27.760968 -90.596854  25.765607 -93.992592  24.251327 -94.271646  30.303614 -85.379938
187602 1870 1876  9 12  0 NOT NAMED   27.071554 -72.397879  17.984493 -62.859408  17.829659 -60.324068  42.512226 -72.239802
187605 1870 1876 10 12  0 NOT NAMED   21.710596 -78.020037  21.513046 -81.783915  12.300000 -79.000000  33.982223 -63.927345
187702 1870 1877  9 14  0 NOT NAMED   27.928005 -90.232447  27.488376 -94.903456  22.126115 -92.747817  31.335023 -79.126816
187704 1870 1877  9 21  0 NOT NAMED   21.448400 -77.736262  29.181910 -85.920209  11.728143 -57.199806  41.447526 -70.779074
187707 1870 1877 10 24  0 NOT NAMED   29.272733 -85.846156  30.456398 -80.077091  25.900062 -94.000893  33.041172 -70.705168
187801 1870 1878  7  1  0 NOT NAMED   26.631760 -82.260420  26.631760 -82.260420  25.477412 -86.225564  28.358065 -77.635970
187805 1870 1878  9  1  0 NOT NAMED   23.778753 -75.246697  28.339102 -82.766811   8.953284 -56.298252  40.250992 -79.194890
187808 1870 1878 10  9  0 NOT NAMED   37.641211 -71.400617  34.369549 -76.486698  25.000737 -90.778867  45.560909 -39.100169
187811 1870 1878 10 18  0 NOT NAMED   28.621180 -77.244329  21.725522 -82.028031  17.775395 -80.199181  39.916272 -62.279532
187902 1870 1879  8 13  0 NOT NAMED   29.328210 -68.705968  30.566176 -77.132770  19.004008 -59.574986  48.612400 -56.726999
187903 1870 1879  8 19  0 NOT NAMED   25.531480 -89.885646  26.676241 -93.687758  17.328043 -82.572089  35.609069 -90.841457
187904 1870 1879  8 29  0 NOT NAMED   27.389157 -90.182458  27.612672 -91.412158  23.850297 -88.924374  32.981860 -89.019658
187905 1870 1879 10  3  0 NOT NAMED   22.819587 -84.764930  24.092213 -86.597370  15.827474 -79.019882  30.376399 -89.662991
187906 1870 1879 10  9  0 NOT NAMED   20.633073 -75.559104  15.998466 -70.860067  14.279411 -57.899476  30.727950 -86.760257
187907 1870 1879 10 24  0 NOT NAMED   28.502504 -81.891119  38.398158 -70.809733  20.825804 -85.323397  43.420245 -63.334241
188001 1880 1880  6 21  0 NOT NAMED   28.036260 -92.135109  28.036260 -92.135109  26.927167 -87.598696  29.000635 -96.073669
188002 1880 1880  8  4  0 NOT NAMED   21.456098 -84.321959  25.462070 -96.446379  16.010829 -62.774602  29.275791 -100.921642
188004 1880 1880  8 24  0 NOT NAMED   28.312284 -75.032905  26.976635 -70.279391  24.954780 -59.123269  32.526084 -88.570448
188006 1880 1880  9  6  0 NOT NAMED   33.685297 -78.220694  32.946386 -79.523108  24.400484 -88.151150  45.033832 -57.960861
188009 1880 1880 10  5  0 NOT NAMED   26.198423 -81.956715  25.904398 -85.316364  18.850803 -85.823304  32.524290 -69.100166
188101 1880 1881  8  1  0 NOT NAMED   27.389704 -87.214304  28.101574 -87.538885  23.775273 -85.898673  31.125147 -88.523611
188102 1880 1881  8 11 12 NOT NAMED   27.186850 -94.257126  27.186850 -94.257126  25.628681 -90.074698  29.401668 -98.043846
188105 1880 1881  8 21  0 NOT NAMED   25.547041 -72.895606  28.357073 -77.943528  17.677972 -58.474799  33.609438 -88.310290
188106 1880 1881  9  7  0 NOT NAMED   33.195865 -74.046406  31.707422 -76.163045  25.579513 -70.511773  40.235846 -71.171290
188202 1880 1882  9  2  0 NOT NAMED   27.696514 -79.297015  29.572557 -87.072798  20.027602 -68.847224  44.343153 -62.894262
188203 1880 1882  9 14  0 NOT NAMED   29.095964 -93.211533  28.793174 -92.957463  27.425322 -91.872928  30.676236 -94.646603
188204 1880 1882  9 21  0 NOT NAMED   33.992573 -76.568417  32.812873 -77.344085  29.625383 -77.247336  38.907854 -74.678189
188206 1880 1882 10  5  0 NOT NAMED   26.535257 -79.259791  21.100218 -83.595299  14.800076 -81.899633  37.378754 -66.453830
188303 1880 1883  9  4  0 NOT NAMED   25.372188 -73.216521  25.372188 -73.216521  14.528756 -59.722785  37.575372 -77.729972
188403 1880 1884  9 10  0 NOT NAMED   33.949159 -70.920982  28.244675 -74.681540  30.001785 -80.168999  50.478079 -31.990145
188502 1880 1885  8 21  0 NOT NAMED   32.589049 -70.458251  28.788666 -80.114995  21.332886 -69.148611  49.403737 -41.717879
188503 1880 1885  8 29  0 NOT NAMED   28.843059 -88.453353  27.617590 -91.391247  26.275491 -93.227452  31.095909 -82.366275
188504 1880 1885  9 17  0 NOT NAMED   30.301343 -88.360706  38.841192 -72.147707  22.125582 -96.147794  43.261495 -68.292328
188506 1880 1885  9 24  0 NOT NAMED   30.314886 -85.115057  33.325839 -76.625296  26.875044 -87.949635  34.179652 -75.762016
188508 1880 1885 10 10 12 NOT NAMED   32.214991 -81.335827  27.263154 -83.354955  25.200378 -83.447290  39.726194 -77.738033
188601 1880 1886  6 13  6 NOT NAMED   28.338130 -93.830035  29.063070 -93.905602  25.200076 -95.849388  31.008667 -91.053467
188602 1880 1886  6 17  0 NOT NAMED   29.201322 -81.221836  24.138142 -85.029159  19.775147 -85.149320  40.151872 -63.617364
188603 1880 1886  6 27 12 NOT NAMED   27.245956 -82.249717  25.216560 -85.585198  19.525379 -80.172984  36.608144 -77.372052
188604 1880 1886  7 14  6 NOT NAMED   34.221129 -70.685012  33.308874 -74.314099  19.275631 -83.574243  54.522989 -22.371539
188605 1880 1886  8 12  6 NOT NAMED   21.830611 -78.380580  27.518004 -94.791566  11.476721 -59.347325  31.628136 -100.137672
188608 1880 1886  9 16  0 NOT NAMED   23.538260 -86.050221  22.374221 -91.421096  21.004663 -67.174995  28.875127 -97.301425
188610 1880 1886 10  8  0 NOT NAMED   25.874057 -87.697666  27.718667 -89.918499  20.550551 -83.123603  31.675378 -93.428224
188703 1880 1887  6 11 12 NOT NAMED   25.879285 -87.055557  22.746698 -85.787558  21.576481 -84.971036  30.500058 -88.698722
188704 1880 1887  7 20  0 NOT NAMED   19.824120 -77.391887  14.041602 -70.718710  12.230939 -60.048717  32.601054 -85.154028
188709 1880 1887  9 11 12 NOT NAMED   20.198499 -81.042702  14.220881 -67.320606  13.403142 -58.724651  25.576345 -98.701955
188713 1880 1887 10  9  6 NOT NAMED   25.608072 -80.627985  20.075589 -77.702865  19.231370 -61.724267  41.470598 -70.224890
188716 1880 1887 10 29 12 NOT NAMED   44.015905 -57.045866  36.279563 -71.307946  27.660081 -83.763737  50.295924  -5.667460
188801 1880 1888  6 16  0 NOT NAMED   29.130163 -95.479026  28.366453 -94.906702  27.851316 -93.998501  30.650049 -96.649693
188802 1880 1888  7  4 12 NOT NAMED   28.589318 -95.239163  27.400597 -95.112854  26.750402 -94.898241  30.500019 -95.525879
188803 1880 1888  8 14 12 NOT NAMED   34.437916 -78.619922  25.339437 -78.662275  23.555570 -72.745720  53.504606 -54.481039
188805 1880 1888  9  6  6 NOT NAMED   32.504876 -77.285058  29.351286 -82.186604  24.156572 -73.619538  43.728413 -68.513521
188806 1880 1888  9 23 12 NOT NAMED   34.589830 -75.107337  37.539039 -73.048192  26.026676 -80.007460  45.508339 -67.018733
188807 1880 1888 10  8 12 NOT NAMED   29.631176 -84.049935  27.947797 -84.970850  22.627668 -92.179769  39.366319 -72.164341
188902 1880 1889  6 15  0 NOT NAMED   30.466260 -79.080888  22.115504 -84.635735  20.925330 -84.148175  40.440359 -65.419403
188906 1880 1889  9 12  0 NOT NAMED   24.076585 -81.282069  19.213890 -86.083105  15.679580 -61.375229  44.670939 -67.671049
188909 1880 1889 10  5  6 NOT NAMED   43.977136 -68.638071  31.737800 -76.470184  22.475953 -81.757635  59.852548 -56.504499
189002 1890 1890  8 18 12 NOT NAMED   19.618076 -78.435883  18.109696 -81.202984  14.276669 -63.199246  30.750386 -90.583863
189101 1890 1891  7  3  6 NOT NAMED   28.279436 -93.682934  23.876639 -94.317343  22.250350 -93.398907  34.385002 -90.308984
189103 1890 1891  8 18 12 NOT NAMED   21.274802 -71.805572  14.963126 -61.653998  14.306043 -60.244237  26.055210 -83.148360
189107 1890 1891 10  4 12 NOT NAMED   26.069107 -77.998821  17.035149 -80.244474  16.375750 -79.747291  37.096268 -68.268984
189201 1890 1892  6  9  0 NOT NAMED   28.500278 -77.374473  28.380702 -76.349629  21.475224 -83.499110  32.849999 -76.000000
189204 1890 1892  9  8 18 NOT NAMED   38.877024 -84.178918  25.038106 -93.812403  23.050870 -93.471943  58.884320 -53.773086
189209 1890 1892 10 21  0 NOT NAMED   28.921511 -79.992010  24.216553 -90.631614  23.350673 -91.975932  36.150884 -66.505908
189301 1890 1893  6 12  6 NOT NAMED   33.772897 -79.312261  37.729501 -73.709146  21.400690 -94.527063  45.204625 -55.409316
189304 1890 1893  8 15  6 NOT NAMED   27.651708 -57.195706  28.208950 -69.823403  14.327730 -38.098703  50.765987 -55.323305
189306 1890 1893  8 15 12 NOT NAMED   30.423103 -53.698515  22.354954 -60.481281  17.426662 -21.277146  54.152879 -42.813494
189308 1890 1893  9  4  6 NOT NAMED   27.234437 -89.706553  25.528461 -91.861642  19.252572 -86.571285  34.300074 -88.626069
189309 1890 1893  9 25  6 NOT NAMED   22.253971 -54.543593  13.896611 -49.305308  11.651523 -26.249847  53.902908 -69.594966
189310 1890 1893  9 27 12 NOT NAMED   27.026891 -85.348597  28.039849 -90.286266  17.352141 -82.971385  35.242801 -73.146262
189311 1890 1893 10 20 12 NOT NAMED   28.458965 -78.053661  28.138940 -77.584999  20.254900 -80.139061  37.229769 -76.228805
189402 1890 1894  8  5  6 NOT NAMED   29.662763 -88.577781  28.026639 -88.193374  27.200612 -88.777062  31.427201 -90.348455
189404 1890 1894  9 18  0 NOT NAMED   25.187727 -70.812420  15.309020 -61.988300  13.476231 -51.449726  40.464634 -70.415228
189405 1890 1894 10  1  0 NOT NAMED   27.453755 -81.707962  23.389770 -86.804785  13.250316 -79.649075  54.279254 -64.839129
189501 1890 1895  8 14  6 NOT NAMED   29.890987 -89.493597  28.413868 -90.379424  27.750306 -90.901079  32.550129 -88.151866
189504 1890 1895 10  2  0 NOT NAMED   22.041697 -90.966612  22.041697 -90.966612  17.852411 -84.173163  28.982380 -94.783856
189506 1890 1895 10 13  6 NOT NAMED   23.322399 -87.580107  23.322399 -87.580107  20.301411 -92.728048  26.209958 -80.913133
189601 1890 1896  7  4 12 NOT NAMED   37.083993 -82.719289  25.940640 -85.237045  22.177633 -82.368879  58.070578 -69.846360
189602 1890 1896  8 30  6 NOT NAMED   27.311580 -70.674040  24.275388 -76.973629  14.677315 -60.972716  44.351370 -69.809606
189604 1890 1896  9 22  6 NOT NAMED   21.465056 -75.953813  20.804259 -84.189896  16.702827 -63.275004  37.354999 -79.516246
189605 1890 1896 10  7  0 NOT NAMED   35.813265 -74.219604  33.060916 -74.959823  23.128943 -89.703439  51.782321 -54.782118
189702 1890 1897  9 10  6 NOT NAMED   27.272942 -87.452534  25.278295 -83.278945  24.228763 -81.446512  30.164509 -94.861225
189703 1890 1897  9 20 12 NOT NAMED   35.353774 -76.198336  26.803765 -82.248903  25.801700 -82.831640  47.821979 -63.767584
189705 1890 1897 10  9 18 NOT NAMED   21.701051 -75.509093  20.766919 -80.320147  12.652727 -63.248921  39.976476 -60.703293
189706 1890 1897 10 23  6 NOT NAMED   35.187030 -70.146041  34.553145 -74.426071  26.726679 -76.460664  42.229629 -59.316310
189801 1890 1898  8  2  0 NOT NAMED   29.406307 -84.074870  29.406307 -84.074870  27.785750 -81.637937  30.980846 -86.589186
189802 1890 1898  8 30  6 NOT NAMED   31.840636 -81.965335  31.035689 -80.091553  30.450659 -79.621500  32.806818 -84.772309
189805 1890 1898  9 12  6 NOT NAMED   22.214054 -87.679961  22.214054 -87.679961  13.350172 -79.549597  36.901021 -90.714615
189806 1890 1898  9 20 12 NOT NAMED   21.596107 -88.746891  21.596107 -88.746891  12.551242 -80.921466  29.700089 -94.601321
189807 1890 1898  9 25  0 NOT NAMED   30.033496 -72.689947  29.550826 -78.546321  16.900762 -58.998322  47.277074 -62.425258
189901 1890 1899  6 26 12 NOT NAMED   28.687662 -94.539893  28.687662 -94.539893  28.076628 -93.896992  29.202083 -95.169258
189902 1890 1899  7 28 12 NOT NAMED   25.848071 -80.400247  28.102193 -83.779639  18.857243 -71.612130  31.300894 -85.821438
189903 1890 1899  8  3  0 NOT NAMED   32.098467 -56.248439  16.527433 -61.123239  11.930447 -33.273733  43.686994 -20.738765
189906 1890 1899 10  2  6 NOT NAMED   32.198616 -79.102563  24.139247 -86.388907  20.850774 -84.847723  50.776912 -55.894145
189909 1890 1899 10 26  0 NOT NAMED   34.230496 -70.838199  27.500409 -78.641735  16.800030 -78.949737  54.770772 -22.796437
190001 1900 1900  8 27  0 NOT NAMED   29.773505 -70.798211  27.070255 -88.951314  15.228877 -43.949101  57.573868 -31.317549
190004 1900 1900  9 11  0 NOT NAMED   28.288217 -87.457730  22.877169 -87.408963  21.377508 -86.443507  33.454925 -84.955585
190006 1900 1900 10 10  6 NOT NAMED   34.570108 -80.143235  25.318137 -89.050316  22.825580 -90.829633  48.378815 -67.465636
190101 1900 1901  6 11  0 NOT NAMED   28.087502 -85.031164  21.940129 -83.975482  20.351016 -83.172007  36.582052 -87.702300
190102 1900 1901  7  1 12 NOT NAMED   19.676278 -76.743890  17.642548 -73.749799   9.877398 -55.647335  28.434479 -95.682507
190103 1900 1901  7  4  0 NOT NAMED   25.272206 -69.736754  33.055191 -75.113701  10.625507 -56.148400  34.377490 -79.147178
190104 1900 1901  8  2  0 NOT NAMED   29.563790 -73.083910  27.521686 -85.885138  32.129023 -39.654080  38.756379 -87.187740
190108 1900 1901  9  9  6 NOT NAMED   23.646900 -73.221082  20.447924 -81.320117  17.505211 -52.625530  38.054350 -71.038930
190110 1900 1901  9 21  0 NOT NAMED   29.229973 -76.832948  21.062795 -83.872461  13.927399 -74.474113  52.267466 -36.654843
190201 1900 1902  6 12 12 NOT NAMED   31.591893 -80.110315  23.938166 -83.433787  19.925314 -83.503561  45.984418 -67.564959
190202 1900 1902  6 21  0 NOT NAMED   25.801376 -93.931301  25.225460 -96.732120  17.750234 -92.524352  40.910389 -83.698999
190204 1900 1902 10  3  0 NOT NAMED   24.957328 -88.582705  19.965144 -92.629038  14.750079 -94.074513  41.493220 -62.763591
190303 1900 1903  9  9  6 NOT NAMED   28.333590 -81.142245  28.918508 -84.298386  22.002159 -73.622364  33.827269 -83.326060
190304 1900 1903  9 12  0 NOT NAMED   32.555740 -68.270712  34.083713 -73.136579  23.854251 -56.990353  42.701616 -76.438089
190402 1900 1904  9  8  0 NOT NAMED   27.129014 -68.587279  38.587916 -74.583092  17.078237 -55.395581  40.987451 -72.003033
190404 1900 1904 10 12  6 NOT NAMED   22.653059 -79.825582  24.363243 -80.320493  15.476260 -76.724244  26.754863 -77.530106
190406 1900 1904 10 31 12 NOT NAMED   31.153627 -81.570547  22.738186 -91.617469  20.750322 -91.823737  43.527066 -58.826615
190503 1900 1905  9 24  6 NOT NAMED   25.273106 -90.176166  22.006754 -89.809360  18.376468 -85.022914  33.403764 -91.863024
190505 1900 1905 10  5  6 NOT NAMED   28.204005 -89.785260  25.612661 -92.486887  23.025948 -89.674866  36.975824 -81.135254
190601 1900 1906  6  8 12 NOT NAMED   28.229454 -85.337808  22.975183 -84.022899  20.850043 -83.749220  39.002803 -89.002969
190602 1900 1906  6 14  6 NOT NAMED   31.010299 -71.300669  32.898496 -72.961182  23.027865 -77.774448  36.913254 -55.606833
190605 1900 1906  9  3 12 NOT NAMED   22.014099 -54.908787  26.186153 -64.227865  10.300741 -33.949849  34.587436 -82.184284
190606 1900 1906  9 19 12 NOT NAMED   23.414394 -84.604468  24.526183 -86.404469  12.150416 -77.674799  37.879686 -88.896350
190608 1900 1906 10  8  6 NOT NAMED   20.310500 -83.763765  12.094004 -82.532746  11.301974 -77.824996  22.728360 -85.232071
190701 1900 1907  6 24 12 NOT NAMED   26.270631 -82.760854  32.634724 -81.985151  16.302225 -79.273654  40.717879 -71.975816
190702 1900 1907  9 18 12 NOT NAMED   29.878474 -85.182089  27.313705 -85.009194  25.681876 -80.919278  35.264842 -82.176246
190703 1900 1907  9 27  6 NOT NAMED   28.981164 -85.996037  28.884543 -86.879351  23.953447 -92.810246  33.560561 -77.038445
190802 1900 1908  5 24 12 NOT NAMED   31.530588 -75.235425  30.839523 -78.721355  22.100497 -72.197545  44.382515 -69.863703
190803 1900 1908  7 24 12 NOT NAMED   32.957004 -74.306379  30.900189 -78.027133  27.950415 -75.398957  47.373726 -57.583925
190804 1900 1908  7 29  0 NOT NAMED   30.261472 -92.002380  28.489589 -92.109438  29.151160 -93.248175  33.350449 -90.651725
190805 1900 1908  8 30 12 NOT NAMED   35.144632 -74.117250  33.940872 -75.799054  33.003528 -73.699995  38.567205 -71.226596
190902 1900 1909  6 25 12 NOT NAMED   26.281540 -91.689251  26.160739 -96.051674  25.677335 -85.096667  26.026417 -98.225201
190903 1900 1909  6 26 12 NOT NAMED   28.287146 -79.806444  24.621829 -78.701665  21.328922 -73.572988  30.607596 -75.089611
190904 1900 1909  7 13 12 NOT NAMED   20.770004 -80.546491  28.381669 -94.006331  12.404946 -62.724306  29.530663 -97.094641
190906 1900 1909  8 20  6 NOT NAMED   20.372324 -77.653546  22.332037 -91.816832  15.627664 -56.773999  23.725860 -98.050146
190908 1900 1909  8 28  0 NOT NAMED   27.404210 -78.945699  25.724940 -77.504437  24.958800 -75.163519  30.602362 -79.405991
190909 1900 1909  9 13 12 NOT NAMED   23.282348 -83.620869  23.831303 -86.965381  17.931270 -73.147343  34.100202 -91.405319
190911 1900 1909 10  6 12 NOT NAMED   21.312298 -78.426743  19.541498 -83.168647  11.675361 -76.573668  33.378494 -66.387546
191003 1910 1910  9  5  6 NOT NAMED   22.071315 -81.197388  24.258256 -89.313218  17.078912 -60.024774  26.976983 -98.624774
191005 1910 1910 10  9  6 NOT NAMED   24.642105 -78.439027  22.938838 -84.937668  11.300020 -79.674974  35.703660 -57.700005
191102 1910 1911  8  8 12 NOT NAMED   29.167798 -87.150368  29.231441 -86.236997  25.500042 -82.650000  33.000096 -93.297391
191103 1910 1911  8 23  6 NOT NAMED   30.547420 -76.697743  31.246187 -78.101736  25.653685 -66.922081  35.509481 -81.633269
191201 1910 1912  6  7 12 NOT NAMED   30.453622 -84.343420  26.542476 -88.690401  27.575402 -87.549077  34.928531 -65.721594
191202 1910 1912  7 12 12 NOT NAMED   29.758932 -80.225923  30.794925 -80.499616  26.176082 -74.745874  31.554210 -87.923758
191204 1910 1912  9 10 12 NOT NAMED   29.723678 -86.517918  28.752387 -86.560916  29.000315 -84.400000  32.649923 -88.500000
191206 1910 1912 10 11 12 NOT NAMED   23.533865 -90.965527  23.710055 -93.708305  19.102159 -81.897582  28.950045 -97.675303
191301 1910 1913  6 21  6 NOT NAMED   19.406144 -87.346558  25.130108 -92.559513  11.075119 -80.449945  28.878044 -99.742585
191304 1910 1913  8 30 12 NOT NAMED   32.811766 -75.343935  32.838667 -74.258758  29.750056 -72.649055  34.964919 -80.805807
191305 1910 1913 10  2 12 NOT NAMED   35.853713 -73.320315  32.918480 -77.408252  40.251345 -70.245383  34.475700 -79.375158
191401 1910 1914  9 15  0 NOT NAMED   29.121282 -82.498740  29.466065 -80.123895  26.150391 -76.848075  30.087590 -91.326491
191501 1910 1915  7 31  6 NOT NAMED   33.327521 -78.741856  28.381247 -79.829667  27.628639 -77.898270  41.733752 -72.437066
191502 1910 1915  8  5 12 NOT NAMED   26.391039 -70.687928  20.722361 -82.412928  14.058053 -28.674624  45.958430 -74.168344
191504 1910 1915  8 31 12 NOT NAMED   27.236699 -83.049876  21.103197 -82.189166  16.500551 -80.172225  41.700237 -84.845210
191506 1910 1915  9 21 12 NOT NAMED   21.238862 -77.958306  15.252521 -75.930319  12.950864 -61.848806  37.503754 -83.518351
191601 1910 1916  5 13 12 NOT NAMED   31.501667 -79.085988  39.159111 -74.818965  23.075438 -80.520805  42.010628 -72.177739
191602 1910 1916  6 28 12 NOT NAMED   24.490498 -85.414482  29.041135 -88.191073  12.500252 -79.975000  34.900051 -85.650304
191603 1910 1916  7 10  6 NOT NAMED   25.980490 -66.745068  23.589462 -69.583756  11.577937 -53.824626  47.859991 -63.222977
191604 1910 1916  7 11  6 NOT NAMED   30.885623 -77.503424  31.118282 -78.258830  26.802810 -72.394710  34.804141 -82.244541
191606 1910 1916  8 12  6 NOT NAMED   20.201443 -78.275414  23.489269 -90.206864  13.579879 -57.099040  29.630359 -101.036530
191607 1910 1916  8 21  6 NOT NAMED   21.594716 -72.453178  17.585615 -64.708616  16.729331 -62.096306  27.450046 -80.698895
191609 1910 1916  9  4 12 NOT NAMED   31.177185 -77.634871  29.442142 -77.645880  26.653355 -76.859781  35.326027 -77.780593
191612 1910 1916 10  2  6 NOT NAMED   29.769542 -77.193435  29.477763 -76.313059  27.500711 -75.196816  31.541258 -79.800701
191614 1910 1916 10  9  6 NOT NAMED   20.522377 -83.377427  16.845310 -82.458578  17.825508 -76.201208  35.051870 -87.978783
191704 1910 1917  9 20  0 NOT NAMED   22.207706 -77.907080  21.668672 -82.289701  13.853651 -58.898063  31.854275 -83.827012
191801 1910 1918  8  1  0 NOT NAMED   21.179559 -79.501816  27.828238 -91.644551  12.907357 -61.148241  33.100791 -94.691645
191803 1910 1918  8 23  6 NOT NAMED   34.047224 -75.200327  33.564502 -76.428460  29.430776 -75.009049  37.878999 -73.335794
191901 1910 1919  7  2  6 NOT NAMED   28.945687 -86.546840  27.939106 -86.264530  25.250671 -84.898104  32.450444 -88.047919
191902 1910 1919  9  2 12 NOT NAMED   24.164029 -81.314706  24.334370 -81.582848  16.529800 -62.921964  30.181867 -104.286805
191904 1910 1919  9 29  0 NOT NAMED   30.118846 -79.757190  29.710226 -78.157608  28.251137 -76.247069  31.482354 -84.124507
192002 1920 1920  9 16  6 NOT NAMED   20.784289 -86.197899  28.433477 -90.673834  12.252589 -78.072956  35.102674 -93.702608
192003 1920 1920  9 19  6 NOT NAMED   31.513562 -76.703598  31.742093 -76.941421  30.550430 -76.350386  35.354467 -79.509142
192005 1920 1920  9 25  6 NOT NAMED   25.942615 -86.443391  26.585225 -87.109923  25.102235 -84.074240  29.039844 -82.722110
192101 1920 1921  6 16  0 NOT NAMED   26.641886 -92.707340  26.975057 -95.685082  16.501763 -83.575002  39.125092 -94.973676
192106 1920 1921 10 20  0 NOT NAMED   23.260378 -77.969329  20.538236 -85.081530  13.275166 -80.499507  28.166392 -60.050289
192301 1920 1923  6 22 12 NOT NAMED   26.522999 -87.597171  32.516997 -75.985015  20.025204 -94.650056  32.936171 -72.762554
192306 1920 1923 10 12  6 NOT NAMED   23.441792 -93.448881  27.239788 -91.900603  12.626153 -94.094993  36.475441 -91.567334
192307 1920 1923 10 15  0 NOT NAMED   32.381765 -64.266181  28.812762 -61.348669  23.101787 -62.731219  41.754692 -70.418941
192308 1920 1923 10 16 12 NOT NAMED   40.581743 -84.931269  26.821962 -90.665862  21.529688 -93.407567  60.940531 -66.460634
192405 1920 1924  9 13  0 NOT NAMED   33.866563 -78.266115  29.420721 -85.898248  25.128500 -85.918210  45.084144 -55.788215
192408 1920 1924  9 27  0 NOT NAMED   25.423958 -84.015064  34.817571 -79.428088  17.250006 -86.049865  37.158159 -76.934398
192410 1920 1924 10 14  0 NOT NAMED   21.831049 -82.284778  21.164006 -84.797437  16.300270 -83.999236  29.821335 -68.245295
192504 1920 1925 11 27  0 NOT NAMED   27.843405 -79.739159  30.300623 -79.388864  20.050035 -85.749920  36.601396 -68.096750
192601 1920 1926  7 22  6 NOT NAMED   27.858017 -77.193166  23.313807 -74.691113  13.856496 -58.843951  42.340514 -81.412954
192603 1920 1926  8 20 12 NOT NAMED   24.269768 -87.671408  26.600185 -90.685889  14.005762 -77.741838  31.334648 -94.817215
192607 1920 1926  9 11 12 NOT NAMED   23.768203 -70.663319  21.365439 -69.148176  15.903672 -47.672608  30.556540 -91.123488
192705 1920 1927  9 30 12 NOT NAMED   29.102238 -76.083685  29.088321 -77.629543  23.957279 -71.041700  36.102044 -80.217420
192801 1920 1928  8  3  0 NOT NAMED   28.086312 -75.632429  25.431977 -78.099452  18.951642 -64.649476  38.503218 -70.524989
192802 1920 1928  8  7 12 NOT NAMED   23.675606 -75.913082  17.087508 -71.465183  12.551874 -61.646940  37.904598 -81.989173
192804 1920 1928  9  6  0 NOT NAMED   22.935540 -58.012741  17.328113 -64.186465  14.031008 -19.276077  42.550955 -78.787985
192901 1920 1929  6 27  0 NOT NAMED   27.382460 -97.762751  27.406021 -96.338870  22.975177 -93.548044  31.439416 -105.086628
192902 1920 1929  9 19  0 NOT NAMED   28.976304 -74.785108  25.777733 -76.393556  23.000157 -63.900000  47.597642 -67.865299
193002 1930 1930  8 29  0 NOT NAMED   25.993755 -67.429590  18.238616 -69.717717  12.953784 -45.399368  36.380019 -37.146189
193101 1930 1931  6 25  0 NOT NAMED   24.650106 -91.960753  22.375691 -87.272705  21.879821 -86.319365  27.226109 -97.447922
193102 1930 1931  7 11  6 NOT NAMED   25.394001 -89.935567  24.250406 -90.455639  16.854773 -84.097095  35.780493 -95.108326
193202 1930 1932  8 12  0 NOT NAMED   27.543662 -93.839493  28.358381 -94.323988  23.425891 -91.020953  31.528107 -97.140618
193203 1930 1932  8 26 18 NOT NAMED   28.826996 -81.574314  27.441174 -83.935891  20.976639 -70.823156  40.985158 -86.180071
193205 1930 1932  9  9  6 NOT NAMED   28.986087 -86.767359  28.117335 -88.204123  20.800051 -93.200425  43.414976 -68.575393
193206 1930 1932  9 18  6 NOT NAMED   31.648363 -90.129801  31.648363 -90.129801  23.525456 -93.978798  39.158174 -84.045649
193208 1930 1932 10  7 12 NOT NAMED   23.462388 -88.925205  22.814414 -94.392558  16.275470 -83.799567  36.952084 -83.032234
193304 1930 1933  7 21  6 NOT NAMED   30.389240 -93.297454  24.994789 -93.502339  23.302513 -92.244188  34.850051 -90.750760
193305 1930 1933  7 25  6 NOT NAMED   25.160729 -80.459041  21.790007 -71.002816  17.462842 -60.891939  25.126522 -98.003108
193306 1930 1933  8 12  6 NOT NAMED   19.431206 -75.776007  14.886778 -71.131941  12.979914 -62.221081  29.649898 -84.026125
193308 1930 1933  8 17  6 NOT NAMED   33.245128 -65.115701  33.199795 -70.508349  18.583851 -50.389896  47.967681 -68.753812
193311 1930 1933  8 28  6 NOT NAMED   23.625335 -78.749801  25.225253 -89.387358  18.516353 -55.998598  25.978480 -97.951625
193312 1930 1933  8 31  6 NOT NAMED   26.626847 -75.177390  23.330478 -71.954500  19.461660 -59.223334  33.300200 -82.701146
193313 1930 1933  9  8 12 NOT NAMED   34.373197 -63.728712  31.009735 -73.898702  16.775175 -57.775866  58.723410 -44.978980
193401 1930 1934  5 27  6 NOT NAMED   30.902148 -81.836539  29.102505 -80.895679  24.452546 -82.705427  33.603208 -82.323529
193402 1930 1934  6  4 12 NOT NAMED   26.279232 -87.505694  17.138764 -88.418533  16.800066 -87.824762  49.113807 -61.850793
193403 1930 1934  7 21  6 NOT NAMED   29.843518 -87.280951  27.970625 -94.777086  33.282155 -77.757065  27.830736 -98.650457
193406 1930 1934  9  5  6 NOT NAMED   31.954639 -74.976923  27.589281 -76.540454  25.203916 -74.296389  42.606980 -71.633078
193409 1930 1934 10  1 12 NOT NAMED   25.604871 -87.603044  24.403069 -88.766921  21.601484 -84.773585  31.052776 -87.429726
193502 1930 1935  8 29  6 NOT NAMED   34.687221 -69.001043  24.642022 -80.131021  24.201933 -69.450008  56.513458 -33.121702
193506 1930 1935 10 30  6 NOT NAMED   29.637385 -77.256913  33.312736 -71.601377  32.879397 -62.297745  27.650879 -83.999496
193601 1930 1936  6 12  6 NOT NAMED   25.568402 -80.630703  20.257746 -86.776645  18.575343 -87.003150  33.018518 -66.272824
193603 1930 1936  6 26 18 NOT NAMED   27.575072 -96.919608  27.319190 -96.660549  26.825783 -96.148181  28.276483 -97.671185
193604 1930 1936  7 26  6 NOT NAMED   26.312591 -88.007912  26.312591 -88.007912  24.309305 -86.763388  28.150324 -89.548289
193605 1930 1936  7 27  6 NOT NAMED   27.157418 -81.929064  29.242380 -85.610205  23.852524 -75.223778  31.525670 -87.472373
193609 1930 1936  8 20  6 NOT NAMED   28.643597 -80.840706  28.074836 -78.540064  26.250726 -75.797842  30.361441 -86.999971
193613 1930 1936  9  8  6 NOT NAMED   33.829384 -55.254432  26.532783 -65.305226  13.876042 -49.448240  53.255002 -26.181926
193614 1930 1936  9 10  6 NOT NAMED   23.029805 -95.970768  20.187503 -94.537627  18.975738 -94.000048  27.927136 -99.546575
193701 1930 1937  7 29 12 NOT NAMED   36.452602 -74.423722  35.817975 -74.210830  27.829523 -82.861820  45.652190 -65.010334
193703 1930 1937  8 24 12 NOT NAMED   26.969704 -77.406749  27.591625 -79.452153  19.055800 -62.845162  35.077037 -92.219870
193706 1930 1937  9 16 12 NOT NAMED   27.086901 -89.073260  23.743377 -92.489232  22.725065 -92.775571  29.903257 -83.025675
193709 1930 1937  9 29  6 NOT NAMED   24.289831 -88.046388  24.289831 -88.046388  18.800029 -85.500000  30.550568 -91.629677
193802 1930 1938  8 10  0 NOT NAMED   20.917081 -80.411041  19.767789 -83.477806  12.034440 -61.643921  30.955447 -94.331616
193804 1930 1938  9 10  6 NOT NAMED   22.747024 -51.467536  23.817926 -69.850882  14.506385 -24.123383  45.377283 -75.640133
193805 1930 1938 10 11  0 NOT NAMED   24.582502 -88.734674  25.274175 -86.812742  17.850590 -88.321671  28.611495 -94.391295
193807 1930 1938 10 23  6 NOT NAMED   31.318629 -83.534943  28.518105 -86.544613  25.468752 -91.101455  37.110505 -74.893128
193901 1930 1939  6 12  6 NOT NAMED   25.999162 -87.602048  26.489119 -87.307101  18.950476 -87.277042  31.202542 -88.589041
193902 1930 1939  8  7 18 NOT NAMED   30.489785 -79.542986  26.838093 -79.255063  19.726698 -64.948301  41.226434 -75.008039
193903 1930 1939  9 23  6 NOT NAMED   23.976904 -91.688631  24.275781 -91.270096  19.475292 -93.276195  28.825195 -90.651600
194002 1940 1940  8  2 12 NOT NAMED   30.362478 -89.974960  28.293034 -90.682914  29.778904 -80.706031  36.227815 -93.736016
194003 1940 1940  8  5  6 NOT NAMED   29.321001 -76.393151  28.590732 -75.094155  18.781439 -64.220932  35.928571 -79.571481
194004 1940 1940  8 30  6 NOT NAMED   37.269728 -70.892572  31.036532 -72.703204  29.381800 -71.332905  47.565878 -64.513092
194006 1940 1940  9 19  6 NOT NAMED   22.609670 -90.102464  13.922021 -84.054936  13.526333 -83.721601  30.735228 -90.938961
194101 1940 1941  9 11  6 NOT NAMED   28.770867 -92.126146  28.020249 -90.061288  27.525476 -87.748901  29.877584 -96.801201
194102 1940 1941  9 16 12 NOT NAMED   27.582317 -89.556662  24.950652 -88.109729  25.353419 -84.952233  40.814351 -86.979543
194105 1940 1941 10  3 18 NOT NAMED   30.081677 -70.493211  26.047338 -79.611741  23.007691 -65.096629  39.066636 -45.959602
194106 1940 1941 10 15  6 NOT NAMED   25.746907 -79.752430  26.488558 -83.857785  21.178982 -70.497081  28.700099 -81.825619
194201 1940 1942  8 17 18 NOT NAMED   28.615328 -91.483964  27.433593 -90.175046  22.650969 -86.245903  34.955987 -94.395909
194202 1940 1942  8 21  6 NOT NAMED   20.129722 -80.528642  24.255223 -91.150841  13.927354 -61.299830  31.080535 -99.314685
194208 1940 1942 10 10  6 NOT NAMED   32.678034 -74.325027  32.678034 -74.325027  30.154626 -72.167761  35.401004 -76.195177
194301 1940 1943  7 25 18 NOT NAMED   29.756728 -93.992665  28.699427 -92.229007  28.105719 -89.574244  31.750105 -97.274126
194306 1940 1943  9 15 18 NOT NAMED   27.145090 -94.274686  26.688464 -95.061211  25.100169 -94.148131  29.200506 -92.927273
194307 1940 1943  9 28  6 NOT NAMED   34.911753 -70.620621  34.513298 -69.666454  30.801961 -66.689438  38.278998 -75.159914
194309 1940 1943 10 11  6 NOT NAMED   22.187232 -66.526082  26.374009 -68.706584  13.726458 -60.999719  42.527586 -67.517820
194403 1940 1944  7 30 18 NOT NAMED   34.055898 -74.164236  30.492043 -77.394248  24.160736 -72.760226  41.584781 -67.313243
194406 1940 1944  9  9  0 NOT NAMED   27.203541 -92.310841  25.718599 -93.591341  24.575097 -94.023366  29.681719 -90.265921
194407 1940 1944  9  9  6 NOT NAMED   30.944267 -67.898524  26.276163 -71.864867  21.407512 -60.245177  49.092071 -55.656522
194411 1940 1944 10 12 18 NOT NAMED   28.184366 -78.278940  21.674966 -82.912376  16.325159 -80.723975  54.413401 -53.205767
194501 1940 1945  6 20 12 NOT NAMED   36.047865 -74.548990  27.257899 -85.264792  18.825088 -85.973836  55.282908 -45.482364
194505 1940 1945  8 24  6 NOT NAMED   26.929510 -96.285508  28.425370 -96.315122  21.076187 -94.895401  31.600905 -97.272910
194507 1940 1945  9  3 18 NOT NAMED   27.009871 -85.530093  27.009871 -85.530093  22.426682 -82.984327  30.706909 -90.137578
194509 1940 1945  9 12  0 NOT NAMED   30.296951 -71.364059  24.844978 -78.678438  19.133877 -58.999133  46.835505 -52.708679
194601 1940 1946  6 13 18 NOT NAMED   28.902308 -90.222701  28.902308 -90.222701  27.951978 -86.496035  29.926178 -93.746419
194602 1940 1946  7  5  6 NOT NAMED   38.008332 -68.516438  36.738794 -71.534367  31.725478 -79.199626  44.449638 -52.797416
194605 1940 1946 10  5  6 NOT NAMED   28.725861 -74.671455  24.864896 -83.574171  18.450348 -86.650623  26.278516 -66.300662
194606 1940 1946 10 31  6 NOT NAMED   26.487540 -77.775895  22.882574 -75.001063  21.381775 -72.862880  31.805631 -80.437905
194701 1940 1947  7 31  6 NOT NAMED   23.112398 -95.865876  24.390864 -96.913033  20.354428 -93.945419  25.727613 -97.796512
194703 1940 1947  8 18 18 NOT NAMED   27.957450 -91.213715  26.741477 -90.918533  24.104268 -81.724425  33.650008 -97.874611
194704 1940 1947  9  4  6 NOT NAMED   21.975332 -58.213699  26.259777 -75.043170  14.279411 -22.100958  35.833767 -93.972289
194705 1940 1947  9  7 18 NOT NAMED   29.426819 -87.167553  29.426819 -87.167553  29.104616 -86.716684  29.802955 -87.719409
194706 1940 1947  9 20  6 NOT NAMED   26.712838 -80.813415  26.187817 -83.304419  19.076381 -79.048407  36.466596 -76.075260
194707 1940 1947 10  6  6 NOT NAMED   29.534020 -81.431656  29.534020 -81.431656  26.806095 -78.467180  31.401224 -82.883848
194708 1940 1947 10  9  6 NOT NAMED   26.407978 -80.740466  25.301442 -80.932003  16.225171 -82.349195  32.053138 -84.596937
194802 1940 1948  7  7 18 NOT NAMED   31.122152 -87.188862  31.122152 -87.188862  27.275959 -89.852899  34.825299 -86.448136
194805 1940 1948  9  1 18 NOT NAMED   30.630566 -90.924870  26.854384 -91.904388  24.475699 -94.126562  39.453328 -87.742883
194807 1940 1948  9 18  6 NOT NAMED   27.937869 -75.769259  23.875575 -81.604543  18.301476 -79.949577  44.312939 -50.558320
194808 1940 1948 10  3 18 NOT NAMED   30.873539 -57.071428  22.951104 -82.449914  17.404424 -83.939892  38.101155 -47.641778
194902 1940 1949  8 23  6 NOT NAMED   33.142119 -71.280378  25.813327 -78.176085  18.531581 -62.347733  54.870808 -49.122723
194905 1940 1949  9  3  6 NOT NAMED   29.002131 -89.648130  29.002131 -89.648130  24.650191 -89.223395  33.304173 -89.444313
194910 1940 1949  9 27  6 NOT NAMED   22.620695 -92.001062  27.951076 -95.044137  13.175168 -89.999539  38.681315 -90.143475
195002 1950 1950  8 20  6 BAKER       23.139209 -76.953366  16.582484 -59.399834  16.478526 -56.799372  35.626099 -89.143563
195005 1950 1950  9  1  6 EASY        27.853347 -83.929443  26.638557 -82.919278  20.075327 -83.551219  35.451451 -89.422532
195011 1950 1950 10 13  6 KING        21.055191 -81.061000  21.625415 -78.921285  16.000490 -83.625001  30.455185 -82.984599
195013 1950 1950 10 18  0 LOVE        27.026557 -88.634698  26.132245 -91.170366  27.179696 -91.003025  28.802897 -83.809853
195108 1950 1951  9 28  6 HOW         32.625757 -75.027003  33.470833 -75.376022  19.400310 -85.198717  47.716903 -34.063341
195201 1950 1952  2  2  6 NOT NAMED   31.698152 -77.959223  34.913004 -74.647126  20.935797 -85.702565  43.063858 -69.315955
195202 1950 1952  8 18  6 ABLE        23.447360 -53.069102  31.791233 -79.917891  14.350989 -19.825532  43.356604 -71.015847
195301 1950 1953  5 25 18 ALICE       21.001237 -83.844679  25.716249 -84.363114  15.300543 -82.298483  29.374999 -85.800000
195302 1950 1953  8 11  6 BARBARA     35.158847 -72.588987  33.188032 -75.970083  24.675752 -74.594825  47.668237 -60.944592
195303 1950 1953  8 28 18 NOT NAMED   29.789964 -81.519429  29.566881 -78.572291  24.102041 -83.373851  35.650689 -85.345735
195304 1950 1953  8 28  6 CAROL       25.500566 -49.790813  18.609733 -57.578208  14.953724 -22.229765  58.222119 -55.357947
195307 1950 1953  9 14  6 NOT NAMED   26.194228 -88.257569  23.147355 -92.353184  22.977092 -93.874263  30.265481 -83.371221
195308 1950 1953  9 23 12 FLORENCE    27.097907 -81.911589  22.773006 -85.801777  17.289032 -79.068871  36.449554 -71.586188
195312 1950 1953 10  7  6 HAZEL       30.607700 -75.804553  24.969173 -83.894150  21.125037 -86.250328  41.989383 -54.917494
195402 1950 1954  7 27  6 BARBARA     29.321911 -92.558039  28.565028 -91.344384  27.875180 -90.199838  31.306513 -96.141366
195403 1950 1954  8 25 12 CAROL       32.099008 -76.130202  29.537884 -76.585864  25.550967 -75.670087  44.602364 -71.786360
195405 1950 1954  9  2  6 EDNA        32.244627 -66.003520  26.240254 -75.175725  12.650631 -57.247465  57.015808 -44.837066
195409 1950 1954 10  5  6 HAZEL       24.608147 -72.364327  30.742769 -76.569289  12.702158 -60.649245  57.442726 -71.058825
195501 1950 1955  7 31 18 BRENDA      30.326743 -91.240902  29.051650 -89.110295  28.450186 -88.698583  31.981377 -94.444852
195502 1950 1955  8  3  6 CONNIE      28.675656 -67.180418  19.494123 -61.333571  15.905714 -40.692877  44.976441 -82.541423
195503 1950 1955  8  7  6 DIANE       29.591751 -62.449560  25.012663 -60.814413  17.153326 -44.549300  44.750516 -51.425995
195505 1950 1955  8 23  6 NOT NAMED   27.489318 -87.647221  26.997725 -86.379419  19.026532 -81.171187  36.942005 -93.310523
195509 1950 1955  9 10  6 IONE        29.639603 -60.961673  28.807106 -74.220391  15.378831 -44.875203  54.672083 -37.363050
195601 1950 1956  6 12  0 NOT NAMED   28.660368 -91.484019  26.049943 -90.892358  22.900095 -91.250980  34.652484 -92.895178
195607 1950 1956  9 21  6 FLOSSY      31.950888 -79.940850  28.789664 -88.853397  18.550687 -88.197162  38.829312 -59.549842
195701 1950 1957  6  8  6 NOT NAMED   32.577108 -70.096527  32.689648 -75.666928  27.484198 -86.726175  36.481242 -57.898840
195702 1950 1957  6 25  6 AUDREY      29.322026 -91.354872  28.739260 -93.366715  22.350036 -93.449515  38.619421 -83.628249
195703 1950 1957  8  8 18 BERTHA      30.327373 -93.067581  28.225169 -90.936767  27.652965 -90.020910  33.199993 -95.200000
195705 1950 1957  9  7  6 DEBBIE      28.489776 -87.370809  28.489776 -87.370809  25.626462 -89.057157  31.278186 -85.584381
195706 1950 1957  9 16 18 ESTHER      27.952794 -91.668375  25.017057 -92.504036  24.125020 -92.725535  31.975186 -90.622903
195805 1950 1958  8 30  6 ELLA        21.614778 -79.473685  19.406387 -75.325688  14.816446 -60.538130  27.742861 -97.364770
195901 1950 1959  5 28 12 ARLENE      29.936969 -89.067457  28.588987 -91.409393  25.027590 -87.617744  33.774688 -84.183581
195904 1950 1959  7  5 12 CINDY       35.845673 -75.473619  32.329675 -78.034625  29.925122 -78.250465  49.145273 -60.710869
195905 1950 1959  7 23  0 DEBRA       30.927350 -95.482731  29.125046 -95.150307  27.301252 -92.873582  36.179148 -98.972361
195908 1950 1959  9 20 12 GRACIE      29.401269 -74.582255  30.637719 -78.308054  20.006583 -70.622817  42.970357 -65.545935
195910 1950 1959 10  6 18 IRENE       28.135559 -88.692551  29.670254 -87.570379  24.453127 -91.082786  31.679029 -86.411987
195911 1950 1959 10 17 12 JUDITH      29.125407 -69.477381  30.059601 -65.967468  23.726835 -84.359463  31.756858 -54.356543
196001 1960 1960  6 22  6 NOT NAMED   30.027406 -95.171975  24.902825 -96.320776  20.701166 -94.470115  39.402939 -89.239568
196003 1960 1960  7 28 18 BRENDA      39.885401 -76.697152  34.598498 -78.830479  29.460588 -83.376748  52.350494 -69.201986
196005 1960 1960  8 29 18 DONNA       22.933828 -59.598957  16.230247 -56.895504  10.206027 -24.524957  51.492063 -64.205204
196006 1960 1960  9 14 12 ETHEL       30.874638 -88.766715  27.758615 -89.324329  26.151562 -89.583678  35.425777 -87.680467
196103 1960 1961  9  3 12 CARLA       27.695773 -87.218383  27.192405 -95.216881  13.101670 -78.323324  55.461214 -68.071127
196105 1960 1961  9 10 18 ESTHER      30.051485 -59.923098  26.849621 -68.118914  13.005543 -34.493014  47.379792 -68.613617
196106 1960 1961  9 12 12 NOT NAMED   33.681149 -76.150654  34.272177 -77.108477  26.250005 -78.049849  42.868692 -70.761088
196201 1960 1962  8 26 12 ALMA        37.438833 -70.016311  38.663554 -71.798177  27.150160 -80.072665  42.080633 -61.397121
196304 1960 1963  9 16 12 CINDY       28.913428 -95.305915  28.316924 -94.064028  27.675070 -93.899084  28.526400 -97.227966
196403 1960 1964  8  5 18 ABBY        27.978128 -93.554728  28.315031 -94.877216  27.029510 -89.624675  28.803859 -97.575394
196405 1960 1964  8 20 18 CLEO        28.766476 -70.033076  16.575736 -67.094409  13.588532 -47.871013  50.126978 -49.060933
196406 1960 1964  8 28 12 DORA        25.987802 -60.438218  25.635945 -64.092337  13.384823 -21.004261  46.857514 -57.187346
196410 1960 1964  9 28 12 HILDA       26.055742 -88.082037  24.815530 -90.631720  21.404164 -81.598544  30.739699 -85.228472
196411 1960 1964 10  8 12 ISBELL      22.222893 -82.482599  23.973599 -82.695030  13.801352 -81.022597  35.200102 -76.398261
196501 1960 1965  6 11  6 NOT NAMED   27.733628 -84.168788  27.681836 -88.741316  14.100000 -91.300000  39.762400 -63.122539
196503 1960 1965  8 27  0 BETSY       25.352066 -73.375741  28.292011 -88.391288  11.253788 -52.648644  38.262218 -85.517232
196601 1960 1966  6  4  6 ALMA        26.734716 -80.634551  23.713447 -83.171322  13.700131 -84.374149  40.003408 -71.718780
196609 1960 1966  9 21 12 INEZ        20.396740 -71.663923  16.860076 -66.355463  10.627273 -36.622936  21.951853 -99.551846
196702 1960 1967  9  5 12 BEULAH      19.425243 -78.722499  24.278956 -96.063593  13.851466 -58.150409  26.275319 -99.875909
196704 1960 1967  9  8  0 DORIA       33.427081 -72.146603  37.125970 -65.073100  27.976016 -78.276566  29.501721 -68.299995
196801 1960 1968  6  1  6 ABBY        29.838464 -81.201754  23.464386 -83.947310  17.925040 -85.624550  36.377737 -75.507121
196803 1960 1968  6 22 18 CANDY       32.054485 -93.638431  27.551399 -96.779144  22.349986 -96.024550  41.234772 -85.142273
196808 1960 1968 10 13 12 GLADYS      26.426865 -80.204773  31.160264 -80.012965  15.025461 -81.123293  42.331951 -64.394404
196903 1960 1969  8 14 18 CAMILLE     31.392215 -81.437995  27.879379 -88.348138  19.976266 -82.947976  40.319063 -59.736808
196907 1960 1969  9  6  0 GERDA       33.009636 -76.514903  37.803313 -73.284303  25.578344 -78.394148  46.414643 -67.258812
196913 1960 1969 10  1 12 JENNY       26.472675 -84.039453  24.652092 -82.078249  21.025685 -83.029857  27.508759 -90.700000
197002 1970 1970  7 19  0 BECKY       26.204937 -85.751915  25.362689 -86.425859  19.251717 -84.696937  34.402785 -85.679509
197003 1970 1970  7 31  0 CELIA       26.020999 -92.552506  27.401178 -95.642200  19.850632 -83.097163  31.257127 -105.214458
197007 1970 1970  9 12  0 FELICE      27.745199 -86.640058  29.024640 -92.508470  25.400287 -77.900166  32.600169 -97.349573
197105 1970 1971  8 20 12 DORIA       23.782671 -65.380574  34.029364 -76.415503  11.652158 -48.499550  44.769586 -70.967229
197106 1970 1971  9  5 18 EDITH       20.760951 -84.469187  14.742235 -82.041577  11.705628 -60.323516  33.480568 -86.330601
197107 1970 1971  9  3 12 FERN        28.074136 -93.228633  26.876500 -93.822188  27.850621 -87.949006  26.976111 -99.500376
197108 1970 1971  9  6  0 GINGER      31.274756 -64.159465  32.991311 -53.870052  25.125224 -71.124452  35.777535 -70.949229
197109 1970 1971  9 11  0 HEIDI       33.482496 -71.748794  36.919795 -70.459560  27.425872 -72.598614  42.550296 -68.954276
197201 1970 1972  5 23 18 ALPHA       31.594770 -78.548086  32.517498 -75.228237  32.002199 -77.004780  28.550313 -85.101422
197202 1970 1972  6 14 12 AGNES       27.114432 -83.915702  25.662368 -85.611177  20.000316 -88.550000  39.251462 -73.821600
197204 1970 1972  8 29 12 CARRIE      37.068770 -70.654431  40.444040 -70.019314  30.081511 -76.684925  46.507295 -64.885813
197305 1970 1973  9  1 18 DELIA       26.633434 -92.697867  25.127440 -89.685524  21.550160 -86.848851  29.890887 -99.079036
197401 1970 1974  6 24 18 SUBTROP 1   28.431693 -82.314319  28.431693 -82.314319  26.447300 -84.765645  30.231957 -79.793739
197406 1970 1974  8 29  6 CARMEN      22.245044 -84.839548  18.254627 -86.005165  16.590786 -59.200682  31.151475 -95.924276
197505 1970 1975  9 13  6 ELOISE      22.597068 -75.202367  30.415668 -86.896765  17.653611 -55.724262  36.629638 -82.959798
197601 1970 1976  5 21 12 SUBTROP 1   29.929075 -82.865553  32.107777 -79.099933  25.051015 -89.771694  35.103422 -70.649100
197603 1970 1976  8  6  6 BELLE       30.628462 -74.032212  30.787191 -74.944284  25.975172 -73.100149  39.752048 -73.421793
197605 1970 1976  8 18  0 DOTTIE      28.119586 -81.268412  28.727405 -80.491755  25.126140 -83.122184  32.950008 -80.000000
197608 1970 1976  9 13 12 SUBTROP 3   32.846108 -80.171183  31.989252 -80.749455  29.100000 -81.500000  36.250527 -78.527483
197702 1970 1977  9  3  6 BABE        30.743679 -88.221806  28.388017 -91.374249  27.305798 -87.947526  34.732868 -82.001319
197802 1970 1978  7 30 18 AMELIA      27.535339 -98.041596  27.181256 -97.814439  26.825700 -97.596600  28.276009 -98.471203
197805 1970 1978  8 26 12 DEBRA       27.281790 -92.416213  29.450820 -93.650512  24.129003 -89.921591  31.625335 -93.156126
197902 1970 1979  7  9 12 BOB         32.918918 -85.624959  26.206906 -92.182415  22.752075 -94.928342  33.876350 -75.896058
197903 1970 1979  7 15 12 CLAUDETTE   25.911603 -79.765234  28.513699 -93.492901  13.334210 -49.293147  38.985565 -84.052732
197904 1970 1979  8 25 12 DAVID       23.950508 -65.150176  16.364385 -65.579687  11.684007 -39.200301  49.233208 -59.484043
197905 1970 1979  8 30  0 ELENA       27.318570 -93.456772  26.440174 -91.778890  26.178444 -90.370900  28.750062 -95.724393
197906 1970 1979  8 29  6 FREDERIC    21.642370 -67.264872  27.243011 -86.651064  11.161469 -29.124091  41.909405 -77.784510
198001 1980 1980  7 31 12 ALLEN       19.835092 -71.539814  21.496470 -85.522767  10.859156 -33.225908  28.279830 -101.370055
198004 1980 1980  9  4 18 DANIELLE    28.952894 -95.226820  28.893187 -93.454521  28.451595 -91.523899  29.002523 -98.774990
198102 1980 1981  6 29 12 BRET        36.592842 -71.910001  36.160279 -70.423224  36.020755 -68.000000  37.188066 -75.729207
198104 1980 1981  8  7  6 DENNIS      22.180329 -64.998498  36.530386 -71.435600  10.906861 -28.673090  38.065232 -63.976103
198202 1980 1982  6 18  0 SUBTROP 1   35.646399 -75.064880  30.717916 -81.131722  28.268210 -83.569647  43.099335 -63.064887
198204 1980 1982  9  9  0 CHRIS       29.102631 -93.059502  29.725742 -93.708600  26.376893 -91.999069  33.301069 -92.556602
198301 1980 1983  8 15 12 ALICIA      31.392397 -95.274651  29.090531 -95.038676  27.151107 -91.250559  39.428280 -98.316163
198304 1980 1983  9 26 18 DEAN        33.236110 -72.647414  33.839661 -71.308537  28.750080 -72.825779  37.204856 -75.392082
198405 1980 1984  9  8 12 DIANA       33.764925 -76.617078  33.114415 -77.957478  28.552831 -78.649842  42.343865 -64.206331
198410 1980 1984  9 25 12 ISIDORE     29.724321 -76.350648  25.872595 -78.733771  24.029067 -74.446430  36.114582 -66.322413
198502 1980 1985  7 21  6 BOB         28.834676 -82.235899  30.137451 -80.550976  25.750179 -84.749726  35.650885 -80.211248
198504 1980 1985  8 12  0 DANNY       30.687431 -84.172212  28.440827 -91.721667  19.526835 -81.771220  39.431486 -71.012407
198505 1980 1985  8 28  0 ELENA       28.989633 -86.176625  29.136052 -85.328174  21.264754 -76.984071  37.428594 -92.763181
198507 1980 1985  9 16 12 GLORIA      30.197666 -52.563517  24.730615 -70.412571  13.878421 -25.347945  55.115126 -31.299343
198508 1980 1985  9 21 18 HENRI       35.430719 -74.011521  35.450329 -74.268195  31.000048 -74.448768  39.753053 -73.138828
198509 1980 1985 10  7  0 ISABEL      29.285963 -76.323652  25.306651 -72.378050  19.302116 -70.593763  34.531305 -74.487264
198510 1980 1985 10 26  0 JUAN        28.780670 -90.885226  28.138953 -91.832540  24.227665 -91.825940  34.325182 -86.849484
198511 1980 1985 11 15 18 KATE        25.745039 -75.759362  25.003125 -84.286373  21.475452 -64.174781  34.167961 -73.038996
198602 1980 1986  6 23 18 BONNIE      29.985302 -91.634896  28.943935 -93.129328  25.926395 -88.073381  36.032123 -91.840035
198603 1980 1986  8 13 12 CHARLEY     47.659559 -50.341416  35.983518 -75.597615  31.075528 -83.677539  56.431043   6.005842
198701 1980 1987  8  9 12 NOT NAMED   30.840439 -88.708230  28.883747 -94.179904  27.875455 -94.121197  31.150992 -83.027599
198707 1980 1987 10  9  6 FLOYD       20.588685 -81.636079  23.090424 -82.520054  14.500216 -82.249682  27.659271 -76.169144
198802 1980 1988  8  8  0 BERYL       30.190290 -90.665625  29.788876 -89.810606  29.800646 -89.648517  30.976308 -92.396803
198803 1980 1988  8 21 12 CHRIS       24.504706 -67.393044  29.903394 -80.017060  14.712858 -46.675851  44.164331 -67.292551
198807 1980 1988  9  7  6 FLORENCE    26.773576 -90.527270  27.952386 -89.733488  22.727636 -90.749475  32.479982 -92.894659
198812 1980 1988 11 17 18 KEITH       27.252829 -75.707849  45.597553 -48.397825  14.978421 -75.999802  51.134541 -43.733256
198901 1980 1989  6 24 18 ALLISON     29.766470 -95.130742  28.962821 -95.590117  27.150007 -95.975056  32.001616 -94.729311
198903 1980 1989  7 30 12 CHANTAL     28.550375 -93.797673  28.234910 -93.322450  23.950458 -90.421916  32.901385 -97.717536
198908 1980 1989  9 10 12 HUGO        25.236285 -55.763670  14.457559 -53.891829  13.183203 -22.750656  55.470297 -53.599204
198910 1980 1989 10 12 12 JERRY       25.289286 -93.535895  29.126184 -94.156119  20.150257 -92.823838  31.325807 -94.558623
199013 1990 1990 10  9 12 MARCO       28.096921 -82.084654  26.437837 -82.620453  23.202731 -80.895857  33.676382 -81.751956
199102 1990 1991  8 16  0 BOB         43.487796 -43.243766  36.297754 -74.318484  25.901079 -75.098663  40.000634 -10.349999
199202 1990 1992  8 16 18 ANDREW      24.360455 -68.352933  25.548258 -75.163732  11.510063 -38.620049  34.067829 -87.198973
199205 1990 1992  9 22 12 DANIELLE    35.174478 -74.286618  36.002808 -74.767926  33.250686 -74.027962  38.850751 -75.842680
199301 1990 1993  6 18  0 ARLENE      24.610633 -95.368364  24.309135 -94.909933  21.025617 -92.523677  27.150131 -98.025078
199401 1990 1994  6 30  6 ALBERTO     28.903406 -85.857008  29.000999 -86.634128  21.601813 -84.675350  32.800266 -86.674691
199402 1990 1994  8 14 12 BERYL       33.979546 -82.822671  30.338470 -85.492171  29.301312 -86.676369  41.093855 -74.877159
199407 1990 1994 11  8 12 GORDON      23.189867 -79.501907  31.514264 -76.348320  12.175130 -82.649760  30.703055 -80.729042
199501 1990 1995  6  3  0 ALLISON     38.464872 -74.750888  24.025243 -85.986765  18.900992 -85.170902  62.758987 -53.898440
199504 1990 1995  7 28 18 DEAN        29.732283 -94.052682  28.789486 -94.016401  26.201423 -87.524789  33.000000 -98.500000
199505 1990 1995  7 31  0 ERIN        30.188684 -82.669056  29.895564 -85.894778  22.725505 -73.749040  38.376723 -85.640754
199510 1990 1995  8 22 18 JERRY       29.616934 -82.103446  25.930934 -79.747372  24.875450 -79.121833  33.751339 -83.225657
199515 1990 1995  9 27 18 OPAL        25.173887 -88.384976  27.160898 -88.969299  19.300332 -87.724878  42.595700 -79.476931
199601 1990 1996  6 17 18 ARTHUR      35.963004 -67.955185  38.739421 -58.687690  28.200620 -78.421155  41.934378 -41.836308
199602 1990 1996  7  5  0 BERTHA      31.572495 -61.358210  20.197166 -67.090863  10.761813 -37.617497  59.954721 -40.512074
199606 1990 1996  8 23 12 FRAN        25.967031 -58.652578  26.898899 -74.149443  14.134133 -23.799276  45.959602 -71.862243
199610 1990 1996 10  4 18 JOSEPHINE   47.778041 -62.068226  27.156415 -88.150221  23.150069 -96.025364  63.010148 -28.500086
199705 1990 1997  7 16 12 DANNY       34.021231 -82.524670  29.267017 -89.681224  27.625188 -92.350400  42.514551 -56.957791
199802 1990 1998  8 19 12 BONNIE      29.721901 -67.252466  23.876634 -71.207738  15.813748 -51.264891  43.974128 -47.335756
199803 1990 1998  8 21  6 CHARLEY     27.668411 -97.275156  26.977902 -95.815831  25.879396 -93.994860  29.001895 -100.248135
199805 1990 1998  8 31 12 EARL        39.241805 -72.761657  28.514970 -88.518420  22.825075 -93.600347  51.458633 -30.660673
199806 1990 1998  9  8 18 FRANCES     27.932160 -96.020002  26.490572 -96.038122  25.100041 -94.525244  32.050011 -96.899588
199807 1990 1998  9 15 12 GEORGES     21.856816 -66.272087  15.736921 -55.588537   9.954408 -27.348791  30.581879 -83.598917
199808 1990 1998  9 17 12 HERMINE     27.530592 -91.396141  27.826096 -91.307764  26.452393 -91.627801  29.925511 -90.578019
199813 1990 1998 10 22  0 MITCH       23.652239 -78.917684  16.793233 -82.747361  11.775955 -77.249816  59.542516 -10.288063
199902 1990 1999  8 18 18 BRET        23.933990 -96.569291  24.915355 -95.676904  19.575019 -94.524965  27.778328 -101.701288
199904 1990 1999  8 24  0 DENNIS      32.225517 -75.054463  27.564750 -77.127833  22.154383 -69.371193  44.476605 -75.680603
199906 1990 1999  9  7 18 FLOYD       28.489520 -64.573179  23.590519 -69.462742  15.179876 -47.571914  48.502224 -54.082010
199908 1990 1999  9 19  6 HARVEY      26.343897 -85.081197  26.572120 -85.650362  25.700103 -87.700506  26.338572 -81.703865
199909 1990 1999 10 12 12 IRENE       28.584929 -77.622519  35.045108 -74.188534  16.575637 -82.873822  46.511965 -51.740935
200007 2000 2000  9 14 12 GORDON      30.288558 -81.530909  25.754072 -85.093750  20.475216 -87.599267  42.775644 -66.196834
200008 2000 2000  9 15 12 HELENE      25.921346 -72.411839  26.676200 -86.640979  15.401453 -53.298705  43.150574 -58.582840
200101 2000 2001  6  5 12 ALLISON     33.726995 -85.482626  29.280050 -95.199469  28.850062 -95.199340  42.418153 -65.641399
200102 2000 2001  8  2 12 BARRY       29.743383 -87.345468  28.813040 -86.740089  26.226263 -85.398492  36.100052 -89.848504
200107 2000 2001  9 11 18 GABRIELLE   36.928074 -70.173808  34.741949 -67.974221  25.700690 -84.750253  55.899685 -34.057978
200202 2000 2002  8  4 18 BERTHA      29.181388 -92.746854  29.861975 -89.614977  29.601331 -89.371945  27.151246 -96.873800
200205 2000 2002  9  1 18 EDOUARD     29.613645 -80.643584  30.250655 -78.962988  29.850511 -79.298452  28.453525 -84.500190
200206 2000 2002  9  5 18 FAY         27.993053 -97.783747  27.844147 -94.513864  27.775259 -94.075235  26.726426 -100.126059
200207 2000 2002  9  8 12 GUSTAV      43.663458 -65.875025  40.648257 -68.074338  30.226918 -71.745141  60.252080 -53.587827
200208 2000 2002  9 12  0 HANNA       28.659388 -87.725084  28.275834 -88.814353  26.775614 -86.799269  31.829877 -86.509632
200209 2000 2002  9 14 18 ISIDORE     21.350452 -81.936729  22.018096 -85.925170  10.507512 -63.396758  37.054120 -84.623176
200211 2000 2002  9 20 18 KYLE        30.424247 -64.567562  28.187846 -57.587440  29.750087 -51.600484  34.891104 -76.856757
200212 2000 2002  9 21 18 LILI        18.813575 -73.285995  26.379920 -89.564528  10.632442 -47.497202  32.928257 -91.495518
200302 2000 2003  6 28  6 BILL        28.434578 -88.387595  27.539266 -90.821636  20.200229 -89.374001  36.114673 -82.395901
200303 2000 2003  7  7  0 CLAUDETTE   22.413383 -84.821376  27.957176 -95.462885  12.185047 -56.517872  30.163702 -105.138377
200307 2000 2003  8 30 12 GRACE       29.956452 -95.005584  26.323553 -94.005123  25.553067 -93.716594  33.727299 -95.431417
200309 2000 2003  9  6  0 ISABEL      24.441614 -57.441163  21.436392 -54.422441  13.678443 -33.225923  42.852450 -80.233948
200402 2000 2004  8  3 12 BONNIE      22.133378 -78.405929  26.270242 -89.369119  13.309495 -56.472537  36.292491 -76.027333
200403 2000 2004  8  9 12 CHARLEY     22.306518 -74.831961  25.777394 -81.750603  12.059271 -62.195165  38.003343 -74.813318
200406 2000 2004  8 25  0 FRANCES     25.424481 -65.741417  20.292389 -64.236449  11.279899 -37.524144  46.375765 -68.867427
200407 2000 2004  8 27 12 GASTON      39.186162 -69.716421  32.700452 -79.172273  31.525027 -78.075047  50.544791 -35.881400
200408 2000 2004  8 27 18 HERMINE     33.378074 -69.102121  34.139331 -70.765431  29.076026 -65.924606  40.525634 -71.035244
200409 2000 2004  9  2 18 IVAN        22.246675 -71.465296  17.832774 -78.556619   9.654158 -29.675299  29.452039 -93.071719
200410 2000 2004  9 13 18 JEANNE      25.168827 -71.969679  26.890671 -77.451897  16.152180 -61.199015  38.245083 -75.513362
200413 2000 2004 10  8 12 MATTHEW     27.664849 -92.413003  25.187207 -93.558727  24.502193 -94.127878  31.350632 -91.168753
200501 2000 2005  6  8 18 ARLENE      29.685200 -85.151779  25.342766 -85.654561  17.875001 -83.949975  43.410874 -81.972838
200503 2000 2005  7  3 18 CINDY       34.478232 -81.284752  27.939804 -89.774659  19.276228 -87.570950  47.891322 -65.275426
200504 2000 2005  7  4 18 DENNIS      30.220092 -80.749841  20.618294 -78.806085  12.431624 -63.347290  44.353847 -81.015668
200511 2000 2005  8 23 18 KATRINA     27.812694 -83.336401  26.433636 -87.804288  23.700902 -75.872987  37.840665 -85.843909
200517 2000 2005  9 18  0 RITA        26.986642 -84.421930  24.861458 -87.140991  21.752403 -71.097911  36.761469 -90.539343
200520 2000 2005 10  5  6 TAMMY       30.044701 -82.623948  29.793682 -81.608446  28.901899 -80.591653  31.155453 -84.702835
200522 2000 2005 10 15 18 WILMA       23.093361 -80.108209  17.142216 -82.532938  17.550168 -78.875062  44.288487 -56.180779
200601 2000 2006  6 10  6 ALBERTO     40.593340 -68.754295  26.230951 -86.506411  21.350711 -85.571973  55.797411  -7.463833
200603 2000 2006  7 18 12 BERYL       39.178255 -70.326978  35.587685 -73.378094  33.400110 -73.448500  46.308302 -61.642758
200606 2000 2006  8 24 18 ERNESTO     26.584248 -74.898375  16.519134 -72.214468  13.179745 -63.697637  44.931239 -76.200358
200707 2000 2007  9  8  0 GABRIELLE   34.502218 -73.719902  33.902911 -75.402251  30.879253 -73.243044  37.744875 -70.964133
200708 2000 2007  9 12  6 HUMBERTO    29.990111 -93.489543  29.341216 -94.151607  28.050043 -94.975410  31.954124 -91.682068
200804 2000 2008  7 20 12 DOLLY       26.025777 -96.800084  25.481120 -96.351282  19.279904 -85.290274  31.575230 -106.323801
200805 2000 2008  8  3 12 EDOUARD     29.520988 -92.630977  29.041014 -92.507319  28.102527 -88.324986  31.679974 -97.340710
200806 2000 2008  8 15 12 FAY         28.164193 -81.822816  26.513371 -81.255620  18.555917 -69.449032  37.026803 -83.455133
200807 2000 2008  8 25  0 GUSTAV      25.150072 -81.947976  21.399807 -82.158693  14.702908 -68.995491  41.178403 -87.501878
200808 2000 2008  8 28  0 HANNA       26.975217 -69.224321  22.075532 -72.402790  19.927114 -58.322711  47.081618 -57.636929
200809 2000 2008  9  1  6 IKE         25.916489 -71.624517  22.046988 -54.046596  17.456472 -39.148020  44.314503 -79.043181
200903 2000 2009  8 16  6 CLAUDETTE   29.852822 -85.813186  29.357193 -85.413366  28.528030 -84.616074  31.153382 -87.038884
201002 2010 2010  7 22  6 BONNIE      26.068550 -82.316778  23.680496 -77.483477  22.126793 -74.746641  29.428994 -89.819185